node,total_fee,capacity,routed_payments,ratio
0204a91bb5802ad0a799acfd86ef566da03d80cc9e13acb01e680634bf64188a0d,2200.0,907887901.0,11,2.4232066509277117e-06
039cd42c10b569257512d397ae5c7c3989f8559b286d656b61e0898c4673457842,0.0,94580904.0,0,0.0
0243054886aa6026a4312583bab952dad7723f840d037884d5a72b729fdb52ecbd,0.0,110908306.0,0,0.0
03676f530adb4df9f7f4981a8fb216571f2ce36c34cbefe77815c33d5aec4f2638,0.0,143540574.0,0,0.0
02246f1ced017509e85fcae75e98c6e6aa5d43450315909d73be4a0970e00f197e,0.0,157243839.0,0,0.0
0220953237341a8f39d260b0e54f0b549d15c9c5c7a3d26002185f846de7e9147b,0.0,110500001.0,0,0.0
028111c2552a2fdd19cde97a18f68f8ece30a8bee45f6070109e6d34115ff9e7ae,0.0,99638607.0,0,0.0
021a7fdb703858939c5ba14680a74a21bcb585c237280256c0fb9109ae6bbc9454,0.0,79252214.0,0,0.0
03abf6f44c355dec0d5aa155bdbdd6e0c8fefe318eff402de65c6eb2e1be55dc3e,0.0,2133784430.0,0,0.0
028ed014b2538ac28e60e50e1980153d3796224719b6a17197e33ca4460df0160d,0.0,33000846.0,0,0.0
0340f8fa6bc058df204691bc1c965de041e550d8ef0512d22007d4cab7ebd7a536,0.0,183113069.0,0,0.0
022bd0aa893db4ac890e457cca8c83f112518d6941bf9153dab4bf904620503a78,0.0,113198216.0,0,0.0
0333a91776bce2a9ab20203f60a9408213a9d4e44cb51f6973cb4bc6d36fca333c,0.0,50050500.0,0,0.0
02445ff6a24e69242d6f6f38e1b7e8ae9c01eb9b660f3daf3304cb4b7cfeb79a99,0.0,82257270.0,0,0.0
037b6d303c95b4faf2f62a214cc32c78aa0ded8ab5bd7a11aaa4883bbe292a4764,0.0,47750000.0,0,0.0
02612b51b61a90e19ec4c6b0f3409e58175efe66cbf665df7805cafc84aee3a551,0.0,59709158.0,0,0.0
03dab87ff8635982815c4567eb58af48f9944d11c56beb12b91e1049aaea06e187,1370.0,1079385950.0,21,1.2692401638172148e-06
02aac548b877279c30f3abbb7301de93096e3b87144fc484dc3409bb0d6bd566b1,0.0,34453209.0,0,0.0
0202e7727ee46d943a44c7bf0dce14220a839630dee67d03446bf935178b55a0df,260.0,833107231.0,20,3.1208467568804475e-07
034786dccb813366a6addba065b914d96d775d810996435bcdb9fb0578837f7487,0.0,30087775.0,0,0.0
03d35779ff612c574b92494d74300ce467e0eb510181a6ae3eb74d8ada891d82aa,0.0,977138251.0,0,0.0
035d25a9d5b5914f71e5c100bcead09cc64af0a3b3ca2fac8fa5705226ccd92e5f,0.0,175000000.0,0,0.0
026209a739dbf4ab8c73db56773a61247e92fecc53ec5c8f7ae41f6d11fec64a04,0.0,118450523.0,0,0.0
02d4177d3f5c217cb68f13dd2b22b6f9ef8b2bb7a3342394edf72a2c034b8466f9,0.0,180000000.0,0,0.0
030057ffea1a1650ce716aab702c9fc29ce24659b89650eb963f2455df0194c997,0.0,100356257.0,0,0.0
024b8019795ec753fcdb1eb21ecd319bfab6a8b05e017f357dc5f052a181fb8c91,0.0,56283893.0,0,0.0
02b8c29e92f4842d06c5f6a5e8c53be29f5a6cf4bfd3c4d57d12aae3b0f2d9e10c,0.0,62689460.0,0,0.0
03e35a27fa8bfad8675aeb9e96530e7b00e6fa03b571d235f6b4e68cfb4ef9097c,0.0,97181416.0,0,0.0
03c1f2781c735c0538745657447f546f50d401ae44cbd9d0fbbe6538337be14ba3,0.0,79657654.0,0,0.0
03263f34611bc9455452cf32ef31ced3a55b9184e65dee52287cdfdc1493d7dc11,230.0,1176089732.0,23,1.955633092798739e-07
0217890e3aad8d35bc054f43acc00084b25229ecff0ab68debd82883ad65ee8266,0.0,66921653.0,0,0.0
02004c625d622245606a1ea2c1c69cfb4516b703b47945a3647713c05fe4aaeb1c,0.0,10217039.0,0,0.0
02d4531a2f2e6e5a9033d37d548cff4834a3898e74c3abe1985b493c42ebbd707d,0.0,27479498.0,0,0.0
02c610db849f37d75e271e48d9f59e4d7d692763a0ad87f28b96b9b244d8ab1dad,0.0,49127948.0,0,0.0
0288037d3f0bdcfb240402b43b80cdc32e41528b3e2ebe05884aff507d71fca71a,0.0,55509158.0,0,0.0
03444000e312061bb6baaea4351cf6b480692e3f025877cd1e922e96692441b983,0.0,43909918.0,0,0.0
03aab7e9327716ee946b8fbfae039b0db85356549e72c5cca113ea67893d0821e5,0.0,11681139377.0,0,0.0
0337a1521c7b782f62e8e7488dbcfae4eb847bf8aca7a3064e3136638d4d88781a,0.0,40812363.0,0,0.0
027ecdd3c509f7db2d8ade67381bb2e8ed88ccbfab8805d24076c4a0fd131f71ff,0.0,184116375.0,0,0.0
0385218f0e307b6a0e989d2a717d346942d96b4fd550e937de5f8ffe1568510a18,0.0,208098051.0,0,0.0
038f17fe425f76ef337429af4a0ba8895f7b278cfa89cd30e60a8be4f6e82da4e7,0.0,66740205.0,0,0.0
02f0d769a72d4aa2dc07ae3c66582c3606330ac1778758923444ee5a5da805ef24,0.0,55323794.0,0,0.0
03ef1f35c48695828f614ac685fd5eead1005641cac453ed31052b0ef6cb959a60,0.0,404891279.0,0,0.0
027cd974e47086291bb8a5b0160a889c738f2712a703b8ea939985fd16f3aae67e,0.0,50000000.0,0,0.0
02251c2b931203848152b1c52e63ee91c74f53b0bfa8dd634a9b016d7b77c5afa9,0.0,42321033.0,0,0.0
03c436af41160a355fc1ed230a64f6a64bcbd2ae50f12171d1318f9782602be601,0.0,203352975.0,0,0.0
02de9990c589cef2745e70d78a767eb2a787fa65a0e1346a1c34f85b5b077074cd,0.0,148249998.0,0,0.0
02057240f617091dedd1bce0da761eeaf1809ad9e131771cf1f34858955e2a304f,0.0,30500000.0,0,0.0
0296b2db342fcf87ea94d981757fdf4d3e545bd5cef4919f58b5d38dfdd73bf5c9,60.0,296491096.0,6,2.023669540484278e-07
033fc44ec70c1c5a269a7d7c1cfdaf6f9ec7a92bbe7a8e1473e3663ce7ce8d399b,0.0,50142115.0,0,0.0
02f3d9e33a2de53e128ae1821f0cff02f7e8c9b6872d949f0ebb0c8e388bad82ac,50.0,1098550650.0,5,4.5514514965695935e-08
0223d7aa491e26a307b4203916b8d60ded8cfe832806b432d6cfc278e96374f9aa,0.0,79694152.0,0,0.0
028803c6dd88596c7cf92566a641f7fb62cc848f525ab0bd5d72b6856fc71a44a9,0.0,100750000.0,0,0.0
03ddd03af1ada3d161b169d02c43c139d51b92f394ee48cc2394d893dff2d08d48,0.0,44248362.0,0,0.0
022c699df736064b51a33017abfc4d577d133f7124ac117d3d9f9633b6297a3b6a,0.0,79292719.0,0,0.0
0294e7e59ce4b28b77cfeb3d06588efcf70477894af2ff36bc0fbb78743ca7b043,0.0,39375000.0,0,0.0
03b211f8a4a9cd40c9a1b5626bb8b0f1ca66b36e6b4fddd2723c67683d6f8d1ec7,0.0,68312500.0,0,0.0
02ab1fbe10650d06f0b94fb4f61d7c4d189b8b0a9f818ea1a9b49667e95a768821,0.0,29798204.0,0,0.0
0205d9b3537e4c212c59a52e1a7fe7080b521f6f88b3fb34dd57e5a54a80a8dcdb,30.0,219173551.0,1,1.3687782975236826e-07
03005b000a0ed2b172e7608b062bfe2be18df54769a246941b2cebb5ff2658bb83,0.0,22999262.0,0,0.0
038a12a2022e658d2a81bd2f0bee91a991f76e62bc58fd13f61387f78e622bead3,0.0,87530387.0,0,0.0
02607c9c92b7fa405dd27d8114d5ba1e6c04bf8757bef18b3649bffa2691d7638c,0.0,53970001.0,0,0.0
036e6bf1d112396ee5486c6bdd7a66ac14642f76370a87c997ac286d26eaf73243,0.0,26250000.0,0,0.0
035b1ff29e8db1ba8f2a4f4f95db239b54069cb949b8cde329418e2a83da4f1b30,0.0,952043050.0,0,0.0
020e6dd9f90cc37f2a7b5e881b6ecb6fe07f60d86416f34c63d8264356649fd8cb,0.0,63081620.0,0,0.0
024509d6321a579b3f72117509e243d6cdd86874cb0731ff39be6c92f3e64b53a1,0.0,109599052.0,0,0.0
025022f660d278b8d90415bdde1b385841b6caf179dc69569e4b55fd5aec70555f,2400.0,508462363.0,6,4.720113374448523e-06
03224c97588dda56a63e881c4f522ffd746a2f3b3cbfe4790e38c64ce263d6f6f9,0.0,789819739.0,4,0.0
02826f50035eca93c7ebfbad4f9621a8eb201f4e28f994db5b6b5af32a65efb6b9,0.0,146873057.0,0,0.0
02b08167c946c38354743fcb53eb15e2045afe8c5fa11fe72571fc5f963013e3e7,0.0,65220249.0,0,0.0
033d38e07e2541628214c8184cf6c562311059872363e9f538b2f45434418b5bc5,0.0,347000314.0,0,0.0
026d665c34210fd99f9d4be36bcfbd7d637ae890631274d1f82cbf45af8cd8b2c6,0.0,110869176.0,0,0.0
03ca171e97e2e86f9e4682bc9fff84868f6d2ffd605b73667fd56b14e0797e44f8,0.0,64750000.0,0,0.0
03f80288f858251aed6f70142fab79dede5427a0ff4b618707bd0a616527a8cec7,0.0,418747650.0,0,0.0
03c445275ee7d79ee5778ca2ac81b7c4d84aed7ee04629e8d8f35434b3c21e2da8,60.0,225605229.0,3,2.659512825387571e-07
034653a43cb5857d6f75ff19866e27a8e03355827bf6036fd8d3c9478a37e33813,0.0,83005563.0,0,0.0
03a93b87bf9f052b8e862d51ebbac4ce5e97b5f4137563cd5128548d7f5978dda9,30.0,1368031818.0,9,2.1929314512478685e-08
02fab1674e0a6406018092945a7eb128ce6ffe2b592656dd184e2d4ae1cc3da7a0,0.0,78495782.0,0,0.0
036cb1a035eb1c7f125c004ed046d329285bd57e4100f18b577af721659becd832,0.0,561608274.0,0,0.0
0367dfa7be7a1b620923891cb6cf9ee9c5fb5e2707505f366923258d4e9462f9d1,0.0,102530564.0,0,0.0
02247d9db0dfafea745ef8c9e161eb322f73ac3f8858d8730b6fd97254747ce76b,590.0,1073825458.0,8,5.494375232068674e-07
0281d6f21551b0e2f733948bcd0ee5fcd258f949d0ab8d2c1418737d55dce2b88a,0.0,43025000.0,0,0.0
02e0d304ea61db67dcee3c3c4b53b1c43e3ed0a52e369cc86fe6e3562579739aa7,0.0,18500000.0,0,0.0
0286561733a5da2ce948836d911048042ca73958e1ece765e074a2898f21942783,0.0,101969984.0,0,0.0
03bb3d7bb69a3afdd62d8aa1e828685681b0081bd1b5d8aec7dc814d6a507be208,0.0,73696868.0,0,0.0
02fcce875f251cf2d873caad093776a40743e3a412dcb60648b45d872413a691bc,0.0,75308799.0,0,0.0
02136231c8dedc8c0cb5d6a47d2d4bd6ca497d503c0c8a9cce64095ed18e373650,0.0,142335192.0,0,0.0
034ff2a80dcca440c34973c154792248e0df97c7650dc941c78b1258cc98578934,0.0,88000000.0,0,0.0
033e7e466c56c51f53723fb966674db881b5aae8907e22170d630fb1b149f55ee3,0.0,50072950.0,0,0.0
02a2e6a8709be5733e76556bf7f0482b7661dc8acf4724d681ff2d8d975cc52edb,0.0,86409579.0,0,0.0
03b323009613777edc4e8024c6726758396bc026da99545971164a6baad31dfc69,0.0,163388607.0,0,0.0
02e8f0717f412f455bbcafabc7119f3e3bc1e6c7efeff3df14c98f4da14278dc95,150.0,52888494.0,1,2.8361556296157726e-06
02c9362340d9ce65fbcdbe52146eca4949bbff992b174af3dd8da77d288bc31ca3,0.0,44250000.0,0,0.0
028d98b9969fbed53784a36617eb489a59ab6dc9b9d77fcdca9ff55307cd98e3c4,0.0,1215994700.0,0,0.0
0392cdd6a22ea90bb08017304c785b44774f3056230a033022fe1e98bcffae7042,0.0,76055375.0,0,0.0
021f0f2a5b46871b23f690a5be893f5b3ec37cf5a0fd8b89872234e984df35ea32,0.0,76113898.0,0,0.0
027f75974fbe3f2f809899aea661c034a61ef03ad264fd3f2eb77ce32f0f8ab6a1,0.0,42015517.0,0,0.0
0283ebe9b9f667fe8f7984871818ea583ad98a092d2862be378b230f3a57229674,0.0,98910000.0,0,0.0
02e12fea95f576a680ec1938b7ed98ef0855eadeced493566877d404e404bfbf52,0.0,47464610.0,0,0.0
035b481218d2120d996a47eb9282092261f746c3ec585b1d28227c9e242a7981e4,0.0,30000000.0,0,0.0
03378042dbd7f9671e558df650ff086ba3ba353d6f24d2f9724c522bcb91a617de,0.0,135173391.0,3,0.0
028e9e578efe5f09f3edfd98ef0fad51007014401d8b7ff62236b89d6867529635,0.0,111000000.0,0,0.0
036cedc221ce41dc4ecccfff6a560d287cfee90618340c5f40125511cf679173d9,0.0,112634722.0,0,0.0
0370fb1bb00afce3d161a71e4b71ed19891f9b4d5ff8c7cba83239bc556641fcb5,0.0,53000001.0,0,0.0
02a0f17d3ddb81b3b0c048956baebdf68468c9d7c8b851e5d26354a64a54cff562,0.0,100000000.0,0,0.0
02ce54736449b47e72dcc4c9f13c6329cd1c90791da8148a8d255c7470940c3a93,0.0,134749999.0,0,0.0
02a98e8c590a1b5602049d6b21d8f4c8861970aa310762f42eae1b2be88372e924,0.0,255865877.0,0,0.0
02d04d420f4cf5f01f61784654b676542e1ae66226ec9c95ef70e465c8a67aee9d,0.0,54505550.0,0,0.0
02c197ffa4c2aa4105dd4c4b7279ba1b9061b22910ebbfa759b0001bed9ee48a16,0.0,1398156425.0,0,0.0
03f11710057e2d087c2610ef9fd13886c8497af95f5be9d96e4ae7b2d4b2035e4b,0.0,69547505.0,0,0.0
032261d6ec5fb578919e2455f2061d27bd93df57b26d78cdf7bad38f1368d0531b,0.0,39445998.0,0,0.0
0390b5d4492dc2f5318e5233ab2cebf6d48914881a33ef6a9c6bcdbb433ad986d0,2361.0,1155562645.0,34,2.0431605419366944e-06
03c72f89b660de43fc5c77ef879cbf7846601af88befb80e436242909b14fd0495,0.0,205227128.0,0,0.0
0274f089ac9a100701b3c8c5004e34f9f0c0440850a938088d7b6207c9ca5ff4ce,0.0,43073438.0,0,0.0
02df5ffe895c778e10f7742a6c5b8a0cefbe9465df58b92fadeb883752c8107c8f,0.0,296741523.0,0,0.0
02cb0b711dcc2887736227aeeecb81ceadd372d978e7eeb9c85cb076b3420dbd3e,0.0,50000000.0,0,0.0
02ddb472c8edf0624dec5544507b705aae67d42a6cc2db133ba7e843fd5ce90135,0.0,290135078.0,8,0.0
02685697ab29f0076fc888368c0981eb3c305feaa6f6dd1c4255a5504810711756,0.0,40732538.0,0,0.0
03910da61c1b42e135f134ed92a537c758d1edac5436efbec5ee8cec1928e1a095,120.0,318908442.0,3,3.7628354786544033e-07
026f62497dfd0437ff0815c89801772a4f2b136b0e4ba7020f7c5e3f749d4a0634,0.0,94425000.0,0,0.0
02fe153690061fa27049bae0faa236ddb95df98c514416a350449c24a8018851dc,0.0,69538903.0,0,0.0
02bc400b9df471549c1a2071a61be27460e9726d3399370671514dd8356606bd81,0.0,287799768.0,0,0.0
031553e9308e9cffd3dfbd4069fa9d561ec4c0ae6bc658c696f1137d62ff77a619,0.0,56146824.0,0,0.0
033199f5ee3887c82ce3603a75966deac10fa1b9b37c3d2e05821a2c251d58660b,0.0,42130961.0,0,0.0
0203e5b16ebe87b089f22e18752f1f7a66a1bdf77879df8d1c9e8d912dbfb9beb4,0.0,825033671.0,0,0.0
03d1e805c38257b713340049745ff5a15d9ee5d733517a1d48a956815c9482055c,400.0,1098523449.0,1,3.6412513575757086e-07
032679fec1213e5b0a23e066c019d7b991b95c6e4d28806b9ebd1362f9e32775cf,330.0,951074823.0,7,3.4697585512680533e-07
02c7e5c1e3e4bec5a9195ee82cf470b83fdec1b52b1801e8e8aba54b576ac5ce6a,0.0,52000000.0,0,0.0
026f406f6426d4b155e6abe2a2e23f58378015cab9770836142d0c8807cf66a585,0.0,72503380.0,0,0.0
03c181e13a09a649c13f60ea3ddbeefc66123c43280da8eebc19f54445f35173ca,0.0,81888607.0,0,0.0
038118e0490f8d3df07b6bdc5e7034dee90d769012764d31bfeb167269866824f0,0.0,72032719.0,0,0.0
02e74c09ca720c891221164424651f62176a4737a4b2fd4f75a5befee127e90b9e,0.0,39275000.0,0,0.0
0360a41eb8c3fe09782ef6c984acbb003b0e1ebc4fe10ae01bab0e80d76618c8f4,0.0,63553821.0,0,0.0
03e9cbcd46bd7de2a1559777e7f0c6681522a9b1821b994923da748e06b796cab0,0.0,153985000.0,0,0.0
03864ef025fde8fb587d989186ce6a4a186895ee44a926bfc370e2c366597a3f8f,0.0,17784934665.0,0,0.0
02c911ba09b21441200e0424279720ec13290b36cd51f4ab1a80cbb40b3baf0fe1,0.0,44251535.0,0,0.0
03c65f59676fcb31951fe4c610f3a17612dc5a5c35d1f03733468e19277aad6f6b,0.0,70145446.0,0,0.0
0381499873090f47c7f857b90a91a5de4708054b5966904e0623023c9a5ad0e8a1,0.0,223203529.0,0,0.0
03cde60a6323f7122d5178255766e38114b4722ede08f7c9e0c5df9b912cc201d6,1124.0,17340534380.0,174,6.481922502321408e-08
033878501f9a4ce97dba9a6bba4e540eca46cb129a322eb98ea1749ed18ab67735,130.0,727786778.0,11,1.7862374520906727e-07
03ac61c971d146787a036f75e80a9fbede238a75d0c396f1fe996def00f0ac5dbe,201.0,411912488.0,1,4.879677258049044e-07
03efccf2c383d7bf340da9a3f02e2c23104a0e4fe8ac1a880c8e2dc92fbdacd9df,0.0,51369549.0,0,0.0
02f51d157519ac6ec86595822ee529af53416fc4f8ba7fb8179407dcd91eaafa9a,0.0,92798137.0,0,0.0
02f97f34b35a34142321a3a0c1ad4ef576be6895fdfe4ef72ff45ccef406f14a54,0.0,122342378.0,0,0.0
034a879c36f418cb5b44b6903b3c6c1cfb5f4beb1e79b9b479c040b7df9cbc56be,300.0,702655785.0,8,4.2695158341292244e-07
0317983322379d859c0d43a90c8dcd3e7239b8e0671b00a657ce3924d4498f3754,120.0,547717083.0,6,2.1909121282602024e-07
03c157946cc1cd376b929e36006e645fae490b1b1d4156b40db804e01b4bda48cd,0.0,91500000.0,0,0.0
02cfdc6b60e5931d174a342b20b50d6a2a17c6e4ef8e077ea54069a3541ad50eb0,0.0,26500000.0,0,0.0
03cf59271c38e83018809fc5337f816761d4bd15d0ff27bb5ca97ea7e624f18449,0.0,65000000.0,0,0.0
035352d5960c7f86263e079f29707144088709332e781246b306370ca7e0a64183,0.0,337820604.0,0,0.0
03f10c03894188447dbf0a88691387972d93416cc6f2f6e0c0d3505b38f6db8eb5,80.0,162070320.0,1,4.93612895933074e-07
0297fc579bb3476cf486cc39de0bf8478e4c04f16a8954d57bcc442ac505e5c9ff,0.0,72951731.0,0,0.0
032f6da91c68ec88aae659492b7a0e87606079696ef961ef35b975eea18895dd93,0.0,70000000.0,0,0.0
03163687a6e5f19dfbd3987ec481fa9e8fbccb9306f568c3223fc45bcdc9ff02d8,0.0,85723515.0,0,0.0
0356c1091bb139ad3520eb370f1512ac2f4ed67b87d2687638252152fbf2b4575f,0.0,229885155.0,0,0.0
02d9cc40c92433c44bdc0a65aef373f8cddf9e296ea4fac5e33618d6a48578dcb5,10.0,171688187.0,1,5.824512550767398e-08
03851aa559c69fc719f84df6c480bf75654561653c8750d260703fc24f2e078168,0.0,147581739.0,0,0.0
02d695b01c7a6909e716c863fb39bc5fb7bbdc3824b7fdce53adc593e5be080e73,220.0,198572060.0,4,1.1079101460698952e-06
0395430b84d0f589aac0decfb314959e045912f673886f7b2b315c6de4edfceb24,0.0,75554321.0,0,0.0
02c43115328a5bd4dd5870c4c2e129f0f19bdb685ff8c1727c9320c0c6f5636a2e,0.0,72465000.0,0,0.0
0265966511dc5f982826f99fadc2487f492ea25c950d4c6c5bf430a280dd49def2,0.0,32575929.0,0,0.0
03f6237a9c19d6f90712d2284f12abc332a4fcd0b3ed1301da4f4ac0d7f1c8dd37,0.0,47144526.0,0,0.0
0351fabd839e93962826ab8eff7f86795b66b7295a2330773938d409a725aa8176,0.0,201247027.0,0,0.0
03e8b9a977fa3ae7acce74c25986c7240a921222e349729737df832a1b5ceb49df,0.0,101374273.0,0,0.0
020fbf0a7cbe80ef61de8f12ff53a653ac0e48be287de00e1c4b784486be5c1cf2,0.0,737902303.0,0,0.0
036476b59b23f7275552ad2891f2a0c81f82e9074feb8f0b8f48f354ff6afccc39,0.0,52200000.0,0,0.0
0294162456fd6b71f7f7eb8b3510d0740094556b601a2fbcb1d4c040c46c4e57a6,0.0,31887633.0,0,0.0
02ac10d3b0a3da8434898323f75b97281e157fd858c2fb761d1994941aac515d1c,0.0,318398459.0,0,0.0
03ceeaec6cb017d1ea8ad04a5dfb3facb24a28399d24624ecce8f319973de361d9,0.0,152151565.0,0,0.0
02d5a47fc0a3e3cdd017e4d939405bdd2bb3406fdd42ff9cc39efadc4984fb8d68,0.0,21444566.0,0,0.0
02ab80cce7e7dff00c964e4b2006eb4c8af4e71187572156a88275d3c126b90b66,0.0,49000000.0,0,0.0
036a71e0621eda54a2f9a45c32e45517bb084c3c617c47d322236489107538c8ca,0.0,49275000.0,0,0.0
02e5544cda426d1dac8e5237e32eec59cbf93b88b76ef94ee7ecf8f76a5358fbbf,0.0,131000000.0,0,0.0
03c2b5e97173e2ff7baea106a34a165e0213b6c5148441ea97785b35a78a506299,0.0,137572188.0,0,0.0
03a121848cf24eec9ff5bf0fc0b2212965ec1be10a0520b59db9e23b76bd1f8067,0.0,79800000.0,0,0.0
0387d57be12709c8745bc35ac3dfc22611a944a12bcc1fe49a55d7c9bafea335f9,0.0,57678488.0,0,0.0
02de5965c0de62f0a3a6464b7c1848510661d43df96caba5e868ed7520cc3fa437,0.0,151603425.0,0,0.0
0332d57355d673e217238ce3e4be8491aa6b2a13f95494133ee243e57df1653ace,0.0,43250000.0,0,0.0
029ed7e456a53568e12f013173dc5be2a92c86302e15038d150362933b754e5d21,0.0,50732681.0,0,0.0
024d2387409269f3b79e2708bb39b895c9f4b6a8322153af54eba487d4993bf60f,870.0,678528165.0,15,1.282187011352727e-06
03271562ad6fbb9b208eafe203216233cd756a3981c77ef1c5afda109df8be5ac2,0.0,81731311.0,0,0.0
0357426a790617bb9ffdf3da6ebb24775753b99120d5cfa464de26a9eb8a0e05ee,2660.0,299255882.0,19,8.888714174045875e-06
02a45def9ae014fdd2603dd7033d157faa3a55a72b06a63ae22ef46d9fafdc6e8d,0.0,75787245.0,0,0.0
0239e4dc85543cd84b712850072dc5e1bf0190c44b64dbe822581013f849a794a4,0.0,60528333.0,0,0.0
025cf385ead5258a186db8029224f016264e6c0b183abbba040b82df74bf239418,0.0,75357986.0,0,0.0
02459b759a62bc3ebfe98a320da237944cc4f35456384bd8fdefa7d0340c75f46f,44.0,553295862.0,4,7.952345756021577e-08
03d9985f96f51e14bd6c12c54f756ce417cc168a92f8c38903ddb303ab8cdc572a,0.0,35020000.0,0,0.0
026b9e0f5f2509c5ed3c6ac57201ac7343b420bad43f4dafc16098776701b05b4a,0.0,49500000.0,0,0.0
03979fd8dc3990d83314f2198db6aebab48dfa520c9d36776b3a529fd5f896051a,0.0,106705000.0,0,0.0
02ba3ad33666de22b4c22f5ff9fac0dc5d18ae9b6ce38c0a06d9e171494c39255a,1090.0,153512316.0,4,7.10040750085485e-06
03ecb39d80deaf6a934bac97ba514ef9709560e765c6408fef3ae8f9bc2c9f5854,0.0,53533889.0,0,0.0
03fbffb45604f2e0d481c323612e6681fd77eacf9bbe853e83300991de75cc7f78,0.0,196766608.0,0,0.0
03f2f3b5ac54d7b4fbecc0978888b66fe318af6595b6344ba7a2368e61075ffc98,0.0,383240875.0,0,0.0
02769af77330d7fae47f7b8fa3de7677f39c000bbacc2b41aca51efcc8701f1ee0,0.0,104753555.0,0,0.0
0237deaf6ebf12acb8c630cdd3cca69f78827663c1f7fa12f0c70b1d7037dd403b,0.0,138928000.0,0,0.0
02868e12f320073cad0c2959c42559fbcfd1aa326fcb943492ed7f02c9820aa399,0.0,65355644.0,0,0.0
02c73c8ac3f37bb28d9fc3819dc17baecdf24b137d476a2a9e22395d490d842bec,0.0,657242508.0,0,0.0
02868e91de49f8c7025ee0d1936d50ea71870d283736ef5a71015179f6d1fad928,0.0,48611023.0,0,0.0
0380d7ed2beddf814ac4119b6ea42085f1c6e83f50ee5593199de4caa5a186bd64,0.0,124769632.0,0,0.0
03fbe1c1baedbc99b2642ae524d9c2a6f12b771a3ab91e0f56ca6efc6f7f7d53b6,0.0,183575242.0,0,0.0
021c4c58a15fa847720cbc02775df975c1dd6994be443f6eb1392275559c05db7f,0.0,52010000.0,0,0.0
026ec3e3438308519a75ca4496822a6c1e229174fbcaadeeb174704c377112c331,0.0,668272643.0,0,0.0
0379ead124a35685d2f1509f7e4f55070ca36649deae61b2981d1940c768f21c0a,0.0,80213761.0,0,0.0
02e049b45252e00301d7df4dc9983e56e06a7aead2da45c6a6cf4912b11bd62eb8,0.0,171861110.0,0,0.0
032475c0b56687c589c3409d0aa216178ec923a992e1e835dc01456cf88983ee75,0.0,51504223.0,0,0.0
023ffea7f9a3c3ae9c36963618c07fc3f8e0e794e685c53e63b4430a4fe2a305cb,0.0,119676466.0,0,0.0
02b4c9bcd9140037c2425d03ed7f8e76c323e571ef101fbfaa363b0f6790e78d44,0.0,42779962.0,0,0.0
03d607f3e69fd032524a867b288216bfab263b6eaee4e07783799a6fe69bb84fac,0.0,7650404952.0,0,0.0
02b1afba6153f9668ea0be12f4dbfc396a782a52d3eccf868732a1088eb2cc5d69,0.0,115312241.0,0,0.0
025a557a7b16190330a8df33730c064a7a66f0af2e8f4336485144b1423beb015f,0.0,52000000.0,0,0.0
0267e27b8ea5ce2c2283f5241a922088387334674573bc4bd13477bb05f2ed3e7b,0.0,36300000.0,0,0.0
03da5e26d76534bc012ec44326edcfaaeb61df147fd8708936df647ad1727e9826,0.0,22550000.0,0,0.0
02da83ff0629b7479232918b03711399d9224c2ef76485c3e241e7761de4bc3d4c,0.0,93101107.0,0,0.0
024473972a4da7a10f5b674801c0147d25af66acfd69b88a8d1597b76a20228325,0.0,52767062.0,0,0.0
0396fa841d73a10e8674665c19f05da85bc77fbe6b4fd5b4bdc6d9f3d0d1aa9193,0.0,252581442.0,0,0.0
02159f4a5a9204cceb648e7a051864fafb1b42d7e4a09102e6667bb726618c80a0,0.0,50802003.0,0,0.0
0309cb0b504a5e2e29430fc327ee499c6b9b9ac226f561bb9ab633d7992433545b,0.0,59791001.0,0,0.0
022be0bfebd406f710b7602a4f851716afcf26e0fecafea5debc646c92721c890a,0.0,75800000.0,0,0.0
0211ebcabfd47de3de259d54c06fbcb7b4cbe58a95277c42f818752ab2e4925032,0.0,149031050.0,0,0.0
0230e8b298bef620df9640c7a956106f905dbc48d5cedadd5837f3a22a9cdced28,0.0,68070852.0,0,0.0
0327e003e3c742db9a77f436e672bd42bd4a302ec0f92f0486c4fe09143bcfb0b9,0.0,36117835.0,0,0.0
0230b207b3385feddb1ed18d5c7a808015aeb668aaf9bf980bee62465a382112c1,0.0,69596871.0,0,0.0
0288be11d147e1525f7f234f304b094d6627d2c70f3313d7ba3696887b261c4447,0.0,35000000.0,0,0.0
03a09f56bba3d2c200cc55eda2f1f069564a97c1fb74345e1560e2868a8ab3d7d0,0.0,167267698.0,0,0.0
02cf83f7302526d9f8ed4e9bb16b9e7a6736a320da54be10e7fc03a1f39dbf6ae8,0.0,46850000.0,0,0.0
03434a39cd9a537c852fc8fb72454086d726f9111e9f730cef4985c39c11fae944,0.0,26125535.0,0,0.0
03c62e9a4264effa6550dbbddf6db0e49f171ccb8ed4a2150b885732b7d63acd3a,0.0,46500000.0,0,0.0
0382b31dcff337311bf919411c5073c9c9a129890993f94f4a16eaaeffd91c7788,0.0,217915140.0,0,0.0
0298f6074a454a1f5345cb2a7c6f9fce206cd0bf675d177cdbf0ca7508dd28852f,720.0,1358926152.0,24,5.298301154483926e-07
0369a6185476b5d0372f526bc99d7614ff83fc0bfb11821b6e3c978ee64bcc865c,0.0,188731642.0,0,0.0
037dfd2500e26f8e78c4cc08db6de1f7822ae3ed163fa98765513c1a519e35aa9b,0.0,48140000.0,0,0.0
03362ab599d1e8d5e8e02ce38e836a3cf1a6e59f047d7f02d12484f160a6bc76f6,0.0,270879894.0,0,0.0
02b8c064254122387ebebaf755823a4dcccb9c0863e276147181f3e897b7557387,0.0,120781500.0,0,0.0
037833d306842960f8e290445f475466952ac9ffbe5a281fe3bf4df6eebb35031b,0.0,60398607.0,0,0.0
026c2683f3a85822cbb262baaed39d3985cbe3b8e9838135edef7cab7776a1df0e,0.0,101020185.0,0,0.0
0277e9adedb07d04c9caae4884026d3dbda75dfb78bc10fae06c02ae8702fe1ce6,0.0,98050000.0,0,0.0
02fe122ffa4ff2b96a9ed2cc017284d2c8b12ce6e438935b90ed06fb5dfbd4cb52,0.0,51400000.0,0,0.0
035e80f0763c67b8fdda709f63aa0697daf29729bc3e0e6ee9a83bc4fc41599cf1,0.0,59886299.0,0,0.0
030ed0e8c35b473e0cdf3b384262688be36a2a7bb61ecf34c836df5b29c81dcd79,0.0,216600000.0,0,0.0
024a4aad26583790132c0b5a45885e9441f8a5ebcc3aa73ecf365c037154d9980c,0.0,54977841.0,0,0.0
032d31a00d3c5bf2dd60353078d689d40afd73ac6080b0af2dfecb3007cc376e5a,0.0,145184518.0,0,0.0
0349cb2f33d5542432b016405a22dfda18617d87abe4718e61c45909b8a5449329,0.0,134248711.0,0,0.0
033d9e73a183c9714545f292875fb90c4372bddc9c2cc302b265d15e7969a5ed60,0.0,1260108589.0,4,0.0
032bf5126ace0d3ba52a59531473799815392ae87fb85d892d8082a2da7e828e83,0.0,92093315.0,0,0.0
0266ad254117f16f16c3457e081e6207e91c5e414477a208cf4d9c633322799038,0.0,91629563.0,0,0.0
03d648c5a899ce1dca6777a670467d2fdcebb510617efbf1d756b2a68fd076a65f,0.0,73885866.0,0,0.0
02a7792c657562b66bc87e5a2b98d32e8cd9fc16fab40cb67124472bf6b470beb8,0.0,524277214.0,0,0.0
03a4e07de1e4a9fe5927adda8d32ae69ff97568bb21d165d95de8b777c0332e6f5,0.0,42897210.0,0,0.0
03cf31364b9361f434b91f0e1943664f723e30c818b9a396bbbf5ef4284612c293,0.0,122705063.0,0,0.0
0318b360653e7319167f209a80d0484e00708141a8401f35f8fdb44b2bca39ec06,0.0,185000000.0,0,0.0
02bb5e47ee26aca1654ce092d9d06eac15d953210c737f2220e2d7e54c4f108677,0.0,160027214.0,1,0.0
020ca6f9aaebc3c8aab77f3532112649c28a0bfb1539d0c2a42f795fb6e4c363b2,0.0,161138607.0,0,0.0
02de11c748f5b25cfd2ce801176d3926bfde4de23b1ff43e692a5b76cf06805e4a,4832.0,1571985968.0,67,3.0738187861483505e-06
035a95bdafeaec089ded020248939b636296ea32e8cf9a0b6af70e9e517f703fce,0.0,41850000.0,0,0.0
02309f3556d51e9d855594762dcf68cb283fbfd7e48618b6cecb8cd90e2e34d8ad,0.0,59814928.0,0,0.0
02fb22354383c240f9a04b194d610186cdec1045d961cb7989f254cb7c96498ab5,0.0,381745637.0,1,0.0
028ca942be25308d5077811a2c2a3e18dcc25267d39ebff9081e3deb8124a45317,0.0,116728129.0,0,0.0
0332052748755d74b3395b91eaea78b53bd64b55eb031ccb6a7ae23ac445bb6af7,0.0,91003718.0,0,0.0
038398286d47300a40381620e2f738c43a572fb770f42fba34e42f8fa9712e61ca,0.0,101187500.0,0,0.0
025d468f39fa1d01190f9044156cbe1c6eb04c5e0bfa12ee2cc102b9f4b95441cf,0.0,43889705.0,0,0.0
03b89b8f369f8fd7facd3b1a665415052838a5a40f99534141d1dd2805afd0346e,0.0,70638607.0,0,0.0
03aee568d90684e97f754a0d01133ff6412c5530a7665856abd0cec1f3f1fabb86,0.0,67057521.0,0,0.0
032cccddea0f75ace1edad9d045865a1a0447f8d3a218f008e087f862b7ddb4e6b,0.0,67676655.0,0,0.0
03fce165537aea120bffe8505876b44d5119354f825b3eac329b761fc5636bf334,1380.0,990370768.0,19,1.3934175407729724e-06
0311edbceea21b34be1c33df0fcebeaebc4061ba4212146ac46134c487a44d4450,0.0,136804709.0,0,0.0
030c6ace90f74ea293519469084a077ea49692e147b4d9c881b62c85f676d79eb4,0.0,35843697.0,0,0.0
037e27d212432eaf499e4fb648d996944f3454c094dab36336bac573f82211a335,2460.0,1712577388.0,7,1.4364314379234348e-06
036ff83834666d3ebfe61c2a7d1f8fc5d6b339a26559a61819e2b0d1b5f540fdfc,0.0,54369428.0,0,0.0
03006fcf3312dae8d068ea297f58e2bd00ec1ffe214b793eda46966b6294a53ce6,0.0,125651546.0,0,0.0
034f3b4072620e7695fd523aa9c2475e94fa6560079b5cb74301ddde96dd62e28e,0.0,28906260.0,0,0.0
02a20247f515d978cbf9e9ce6a4287b5931d724068b7b88bbaead6380db3dd8e9a,0.0,514162373.0,0,0.0
0293e0945e225ebb21daaa846ccfc8f3f2c5e97421bed2b7f9d1fb11d96b8a3bf3,0.0,89000002.0,0,0.0
030b04c5d37b8cb3acd324edefed38e170d355c8f0953718307b894321d576615f,0.0,73248013.0,0,0.0
020af8a7428f99ce4510e523031e2078c065c1097a48c860ae2cdd3511c8b7627d,0.0,149888607.0,0,0.0
02535d097dd9fba666479e8cb8683a346fe559334af7b1ce42bd4ab51815aa68b1,0.0,30692483.0,0,0.0
037172d2110c4148d6ed0c2790ec8be948458022425dced6794fede834be92af36,0.0,147948600.0,0,0.0
02bdb6c80604f46458394da1e404cf414fe13ba117e7f2718ad7ae5ccc325d0824,0.0,212944029.0,0,0.0
02304ca3dd9cf386fe95b3761fa6a9775557599c6142c28cd32b9b01b989a27cb4,0.0,81750000.0,0,0.0
02cfe3b4d16c319f49ef914f2b9b12965bb658fbb884ef7194ee18277cc2bfb016,0.0,39652762.0,0,0.0
03bb62e41a7a89f1bfc4a8211894beb7a143e5efe469578d71779233fdef4ac4c7,0.0,106325000.0,0,0.0
035f5236d7e6c6d16107c1f86e4514e6ccdd6b2c13c2abc1d7a83cd26ecb4c1d0e,8870.0,3451135077.0,119,2.5701688870754104e-06
021744d86987a91958461117cd9e7c0e3160f7b86de11f5998018f4b4984a5c330,0.0,169790583.0,0,0.0
027b510a7c40bc1aab58345eedad23062578a5647d13a69ed5a2b90290de2faa81,0.0,47855344.0,0,0.0
03fe8461ebc025880b58021c540e0b7782bb2bcdc99da9822f5c6d2184a59b8f69,0.0,31050000.0,0,0.0
0211c8eac4e9cd6d77de17320042107d3a146a57c430836779b8046e0e867d0e3c,0.0,54231470.0,0,0.0
03ae83561841f92bdad6dda7dc00e43cb729b206033bd472587d8af5c781f18c5c,0.0,72249999.0,0,0.0
02b2ae15001601b74eee8ddbd036315c5fbd415b24f88f24d5266820169dfd13de,0.0,50000000.0,0,0.0
03279fc82bf354280cdae4c84033f856606cbe2d431d7cafa4387329dbd5ae529f,0.0,129950758.0,0,0.0
0335bd24a733d623205f30452c485de9c39ac3135f57679574a49a3add6bb1a050,0.0,57127495.0,0,0.0
0326e692c455dd554c709bbb470b0ca7e0bb04152f777d1445fd0bf3709a2833a3,880.0,2356735558.0,8,3.733978540837207e-07
023c52a46c4d8b74d24b237682b4c1b982233a8e5c8575f16cda965ebcbaa95c01,330.0,50850001.0,3,6.489675388600287e-06
028f4a60dd133875e8776d5ac36e87097cf59e6e3a1d74fcd14c900270dda57c06,0.0,283206178.0,0,0.0
026a8cfab2f7cddf7621171f7abf79b7825e5d284ab3729853272c58a0f2ac96fe,0.0,51295028.0,0,0.0
03011e480a671ac71dbc3fc3e8fe0db32bb9a10cc4d824663e09557d446ef80679,0.0,410643443.0,1,0.0
0227d47539ebbfbb3548abdb31a243063bf2ff2dd77da2af04404da61ab8264560,0.0,121637122.0,0,0.0
02b4a5955af2d3b0eeed574b8e3313a9f4b671e1b555926ff62181bb9d512ac2e1,0.0,146915062.0,0,0.0
032f46d1e9a0c0db99cf788ddfd86d815be6e9d752af37f4cef5a13a5276af7004,0.0,73194375.0,0,0.0
020a1df50b701331a29782093210460b10eee0ac5ef6a01b9c51dff9b8fddf5fb0,297.0,225918378.0,9,1.3146340843505878e-06
02b5d57089802ec5fb1d804ed47b5c08cfad150099e442e68d8e82a6b20efde33e,0.0,56134609.0,0,0.0
02b6dabd436275044399002241195b82b7fed517b226d0a109b1d07a39d7b4a91a,0.0,151255432.0,0,0.0
02f910e74c2666a909930cba9d63424df344c50141b70dad151bb12fca11702166,0.0,34362499.0,0,0.0
02ce014625788a61411398f83c945375663972716029ef9d8916719141dc109a1c,0.0,118991955.0,0,0.0
03c6c3df8a19322479652a8fc04b6cb948d323afc09d6bd1ffe28aa26e6908ded7,0.0,29563813.0,0,0.0
0242a4ae0c5bef18048fbecf995094b74bfb0f7391418d71ed394784373f41e4f3,0.0,1022569159.0,0,0.0
025843a1003ad858702313b9435f00b8996a9b6e078bb7365e54f4537e944d3be4,0.0,51580089.0,0,0.0
03ec512342aeee370b53d9fd12dbd5283dcd670d248018b3a1cf537313e76e6a2d,0.0,512410692.0,0,0.0
03328dba4e263835416d35b14a2f0298f567c6bb5dad7e3d33d671de30d542b4c1,0.0,57478265.0,0,0.0
03fd3e0f2504e149b1907cab853712a213b182b8c972169fa3ad009b623533103f,0.0,43437473.0,0,0.0
030b252f02de440878ababde3a5c774693019b684a5add55090ac04fc688a72626,0.0,266000000.0,0,0.0
0336bcab33a15ba931790d007b6bc1f604af31f461e7a3de6f608d266cc1973f2f,0.0,119876772.0,0,0.0
027e4538fde1d3c776970d5d5b325dddbd4097780a9e3433df2ee1f9f95cd60874,0.0,55718901.0,0,0.0
0377f626255c4b6938becd925bcc422cf2662bfa03df7008b5dfd7356db50d2bef,0.0,687345810.0,0,0.0
02a5e151038284a632aa944df938bf13be3936a969d7da15bb3acb86efd6f8f4da,0.0,78458033.0,0,0.0
03ce0d665b403fa06f9390c72f7a1b212096da7e0f491106bbebf5f34773264a6a,0.0,51331642.0,0,0.0
025124c73ef7ecf527e0114ead02a0cc6e3ecbc0c99474ee3f5506c4503b089693,0.0,45135208.0,0,0.0
03a9b9b4d5bff67fb90d7deaf7db842e3aa5e3abea58fa488a8af3d163679107d7,0.0,36581414.0,0,0.0
03c2abfa93eacec04721c019644584424aab2ba4dff3ac9bdab4e9c97007491dda,0.0,389317190.0,0,0.0
02e7a7d3c1e6055b7b7457d95e04d9bbd24f200fd4a58daca7beee7bc776e17440,0.0,68000000.0,0,0.0
02a14a8612b50a011307929de31b268feb76c9c9add916c73cca623ba5e80dcd6e,0.0,598259721.0,0,0.0
025ae40275ff32c9461ea7f65aa7ac8cdbf83814d2d9d2c402262fdcf69fd1f3d4,0.0,37914794.0,0,0.0
02a0c9089ace681ef4e6ae5310b028d9c2a09187bfbc616da6251e3d08801851b8,0.0,646941201.0,0,0.0
02584a68b60caf391e6147d0199ee6d1db73abc3d4fb3206e9b99178458d29b859,0.0,87856771.0,0,0.0
035eb7d2253d934b51dd1cc145b6f36a9c2d953c4379f5fff9c39bb437ece525ae,0.0,145703729.0,0,0.0
03bc77779d860e8b231d307c109bee12fa8f7949ca01273f296548fbe50c063dad,0.0,64935762.0,0,0.0
03d80f73824f7a881f4b3db3553b111d5defb99f6a8ab504b6e92723b335835b13,0.0,34550000.0,0,0.0
0365a7ccf47f7ccd5cc4119194aede631ca94b9524b5d7899e6de8ab870fce6807,0.0,73960000.0,0,0.0
03ae9f91a0cb8ff43840e3c322c4c61f019d8c1c3cea15a25cfc425ac605e61a4a,0.0,59054284.0,0,0.0
03082e545d1b3d00ba235b4efde31e27e2683bc386fbd362fa24478d1794c5bf1f,0.0,73667042.0,0,0.0
0379221a4051d4171490e43e4a09e218a02941f06996b71cd814b290da08ad5f7e,0.0,66786267.0,0,0.0
02ec921faa245b5813385e04a51a6f0e2d99a570ff820bc42b6d1048c278f21216,0.0,87083332.0,0,0.0
03d32e5618df518e911e2c0bf4686e9d236ae9ab0afd442f0a5de28b74d64338b3,0.0,90401020.0,0,0.0
035554021b9674f2f345539abdf7d1c148c3e2829fe4e186549b6222932f8f4ead,0.0,96000000.0,0,0.0
03c1a8ccc5c83b37059a3efbb72e633c0897172f2550475b93bdc14b5ca243a0d1,0.0,201830017.0,0,0.0
02644f80b5d32ed9a9888690571159692a17d7ead7db2df5124a8e2a72a8447d30,0.0,168538607.0,0,0.0
035d6f5b496f0a8bd3a05fb40b8bf7423afed11a8f2671a1980f6911b1be1685eb,0.0,357066604.0,0,0.0
03963169ddfcc5cc6afaff7764fa20dc2e21e9ed9ef0ff0ccd18137d62ae2e01f4,0.0,41532530.0,0,0.0
03cda3c7f11c0f63806b4910c7e00d133bc942fe66512fbb97fc239d892568fc13,0.0,299557949.0,0,0.0
02fb79c3a9121d85b126687bd111eaebf21aaaaa5cbf232e2b6c3bdf8803f40182,0.0,346707601.0,0,0.0
03590df9e4fcb3b672d3f8c7486a679c0e41625c9ee15a2a6a4fea62496dd87489,0.0,61239334.0,0,0.0
02918715f4981723ec82c3d7f50f6bf927a9145e592e9997cd7a97c87ef6bc7602,0.0,97418228.0,0,0.0
03fd105d7df6595d5a36f016b8ff9ca74e5474e29593c4bba85f4d7ad4663bc5ee,0.0,116567731.0,0,0.0
02dec47b9b012ae7675e5306a64b6599bcff6611a1422b2d8d1b169d2160c39cfb,0.0,18618958.0,0,0.0
025f1456582e70c4c06b61d5c8ed3ce229e6d0db538be337a2dc6d163b0ebc05a5,0.0,1418962274.0,0,0.0
03e5ea100e6b1ef3959f79627cb575606b19071235c48b3e7f9808ebcd6d12e87d,760.0,795189212.0,28,9.557473724882475e-07
03193aa3b4db3ecb2025395e704e8e808f412914beb629270f7b902b9460539400,0.0,77323883.0,0,0.0
037c0bb263a4fe95f0ed598b50cf51e5732a6bc1c48d1c81c5e89f2442939dffdd,0.0,508561540.0,0,0.0
03065467afc8af809ab69862a1de14209c798f231b110d9c80565fc52062ec216e,0.0,40800000.0,0,0.0
02b9d61a0a06d42a300642a756f91411ec4cfea7158fbcea3cf5b48bfcd6d4234d,0.0,65795049.0,0,0.0
03bf5f69adc41b4757e2ee88840f167398f4ab3a619fa73b7b25491f6ef349ea16,0.0,91750000.0,0,0.0
039bd8fd26d4ae06c627af860b271f0cc896153ea87accedfb5b2ed20bfddd7f3b,0.0,29040000.0,0,0.0
03271338633d2d37b285dae4df40b413d8c6c791fbee7797bc5dc70812196d7d5c,0.0,1028804385.0,0,0.0
03beddc8adbf7d56a7da15cdaf95d97b24d07088c3571b421c0e6f9d551a210342,0.0,64524540.0,0,0.0
03ae641aa89c4d2c0034b31bad23a4f80f841d593ddd52f7f35cf7896d0ef8a594,3.0,135208597.0,2,2.2187938241826444e-08
02150e753d33ecf6d2de4173cc1ce941d9bf8900de7f4407ac3df5e078df91dcce,0.0,290074885.0,0,0.0
03df75dccb85e82f4b5cf4a6bcb28b32ea12c878e809e89f4e3b35541eafebffff,0.0,42098513.0,0,0.0
03a503d8e30f2ff407096d235b5db63b4fcf3f89a653acb6f43d3fc492a7674019,0.0,32865516.0,0,0.0
02787054bd1d553442a909ca5c40ae561c9078fecc5a7c8c31763ff2ed99e1fa70,0.0,215000000.0,0,0.0
02f36d279b5ced601f64b08b0eb02971d063dd4650770018acd3b5ccda2473ef93,0.0,58515475.0,0,0.0
031678745383bd273b4c3dbefc8ffbf4847d85c2f62d3407c0c980430b3257c403,0.0,194715307.0,0,0.0
020a3dce2dab038955eb435a8342e4fe897304015314485d3738d5f41eccb47859,0.0,789932535.0,0,0.0
031b301307574bbe9b9ac7b79cbe1700e31e544513eae0b5d7497483083f99e581,693.0,54000000.0,3,1.2833333333333333e-05
026e44acf41fcfa19d092a297a7e8452f6ac5eee677ed0f7f2e5d4c7c632467224,0.0,396520015.0,0,0.0
03d67f36c4f81789e2fe425028bacc96b199813eae426c517f589a45f1136c1fe5,0.0,37443504.0,0,0.0
023631624e30ef7bcb2887e600da8e59608a093718bc40d35b7a57145a0f3db9af,0.0,49800001.0,0,0.0
02e2571d095c6cc22e9197dda1bb971cbf733a7b10802b94689d256c6a7e77aa27,0.0,63784368.0,0,0.0
023f79f1f148981cc9345390b8b9e80f234f7b5977a0fce4c329ba6867c3ae83f7,0.0,97864857.0,0,0.0
032d4baebebfdeab7a2ecef2fbe109cbef10de95f05aa54090fdb687789547dbf5,0.0,111265164.0,0,0.0
02535215135eb832df0f9858ff775bd4ae0b8911c59e2828ff7d03b535b333e149,0.0,50000000.0,0,0.0
02e9a5bc151bed9314f10d02772413cc3e96168cb4320f992bfa483865133dc28d,0.0,80257895.0,0,0.0
02d4b432058ec31e38f6f35d22a487b7db04c4bf70f201f601b66f7b4358242b03,0.0,611717712.0,0,0.0
02f4c77dcf12255ccf705c18b8d6b95e4f884910bf61e8aa21242607193a79da1b,0.0,466083279.0,0,0.0
0395033b252c6f40e3756984162d68174e2bd8060a129c0d3462a9370471c6d28f,0.0,97037837.0,0,0.0
03074ab83706de692a91b6e7c5db4def16686e40f0fe7ff6f8997706a604671ba1,0.0,70415053.0,0,0.0
03205b045b0126c0d3fb826a38b9befc4babf51689544908c704d8e51fdec75ffb,0.0,41984407.0,0,0.0
0290cc884704073b2b633f69f852e8ca2a37660bb359a1e861f2b48760c298ac53,0.0,61471184.0,0,0.0
032ebdae3314f072acd70e66e18572e6ba27f96918009369585e7cdcf36af3cf9e,0.0,50193656.0,0,0.0
03120e72271aae5504c052011ec9bf28217534448406582f9f154f67a637c4e145,0.0,155098390.0,5,0.0
0276a2c2013be046cc8e28bfcd239f0aa5ac3a554f2352a925c2e41c3f7c4e1cee,0.0,39600000.0,0,0.0
03fc8aaec61b42da62e36f5473623ca9b91285d7af62c6189d14bcf84c549d473b,0.0,389442222.0,0,0.0
02c16cca44562b590dd279c942200bdccfd4f990c3a69fad620c10ef2f8228eaff,0.0,20903505.0,0,0.0
02cc1c0ad3582f0b7e2d588266934f3b7f1566355e9db32f39ace0c0f38ed3824d,0.0,49742284.0,0,0.0
03b428ba4b48b524f1fa929203ddc2f0971c2077c2b89bb5b22fd83ed82ac2f7e1,0.0,50000000.0,0,0.0
021c97a90a411ff2b10dc2a8e32de2f29d2fa49d41bfbb52bd416e460db0747d0d,0.0,2298896898.0,0,0.0
03ecb5ba7441efe0e9f8b63178a3921d90db80ebae457958d28f8120bbd456f258,0.0,51895717.0,0,0.0
02e2bf9e87c7ba0ea046882d9b3301ca9a3b049aa920dccbd836c4008eac32d4e5,0.0,63442606.0,0,0.0
02f1246b8fe904a5c5193504d8069532b1fb8692b84fb3eb64318b201238f60ff1,0.0,38083081.0,0,0.0
0276dfcb25dfd2f765cee20cef749479967aced11191c230e82efa1bda0ea3d355,320.0,478291130.0,4,6.690485771709795e-07
028a8e53d70bc0eb7b5660943582f10b7fd6c727a78ad819ba8d45d6a638432c49,1040.0,802086668.0,14,1.2966179859256805e-06
026effab39a094668851c00b6588336963aa9608fada3c6f770d684705314c35af,0.0,179500000.0,0,0.0
02c846c3d4f3589d29a96b4ab483da3dc2cc7ab3ca6ef5b0d4f101f5a5a740a8ba,0.0,31334710.0,0,0.0
0289753f4559770003baec773453f8d1b2dfae3256546891e4cfef3a0bdbaa4f30,0.0,1011384229.0,0,0.0
036da281c0a6a658c05596f4df5f7c8276365c4b7d1bf77b16fee5fc81f980191e,0.0,45250001.0,0,0.0
028ed7bd6ba6763cf040869681890bf5bf95d623108a60e75d76a57f5d637be3ef,0.0,140000000.0,0,0.0
02e7c42ae2952d7a71398e23535b53ffc60deb269acbc7c10307e6b797b91b1e79,0.0,500000.0,0,0.0
0305f5f4013f6c6eeb097bd8607204ec1f31577a05fae35f0d857c54d3b52e4e45,0.0,284055171.0,0,0.0
03e3f19224e2ff025ff1e3d677508b58dcd1f484608f9f91e450756982d62e6628,0.0,104042437.0,0,0.0
035e4ff418fc8b5554c5d9eea66396c227bd429a3251c8cbc711002ba215bfc226,0.0,5693972875.0,0,0.0
0204c9def9eaa9f467fde0df0e889fa593078aeeb6828b7e71fa39c36075a42002,0.0,55250000.0,0,0.0
02a1d2856be336a58af08989aea0d8c41e072ccc392c46f8ce0e6e069f002035f3,0.0,89331316.0,0,0.0
03f1db913dccc3330664723def2a84295d8a067d5ad0605bed68023f990ff40325,0.0,68952285.0,0,0.0
03af9bfaf411e1fc64e6b783ef44d5b0cef9f5e74cb51ce2a4c01ed47765b6a653,0.0,80008935.0,0,0.0
0327e32ec4043df9d5beb15626bed060f955bd4fed993f34b9840563098138cb6c,0.0,54010000.0,0,0.0
022618bb95c7cd788a4f2d54e638d73212ffce867e1714734b2b65bac5274635ad,0.0,89548204.0,0,0.0
0290fb6ecd5865f7a973e1d48ffbc2612f80f6a2defbd6a188928bd0492bc2847e,0.0,59110279.0,0,0.0
033dee9c6a0afc40ffd8f27d68ef260f3e5e1c19e59c6f9bb607fb04c1d497a809,0.0,472895321.0,0,0.0
0260fab633066ed7b1d9b9b8a0fac87e1579d1709e874d28a0d171a1f5c43bb877,0.0,2549771619.0,0,0.0
02c30502153f7a86eac9874639fd0acb101dd99a84b720f013e1bf605118cb1940,0.0,133557541.0,0,0.0
03ea70aadb7378b65077fad0d6d7b2b23bea08e51f7fa1ba590bf68bb8dc6e089a,0.0,52768804.0,0,0.0
03f632d57f9c1ad729695f2c8c958b8d1d0b765fc99ea6f3fbe41b039397c49938,0.0,73100000.0,0,0.0
03d2e20bc19d995098ba357157a9cfbfbfdff4b78fce5ec713128e988e0115d776,0.0,159136400.0,0,0.0
02e692868a442e6277185d7d96cd09aeb113dc41cb299ca065e27fb4ca4e2ee79a,0.0,46003466.0,0,0.0
03d85df94810002c2c9b69d9e450c7d106f9156ed9239e70dbb2adb97dacab3e1d,0.0,48500001.0,0,0.0
03baa70886d9200af0ffbd3f9e18d96008331c858456b16e3a9b41e735c6208fef,0.0,156304128.0,0,0.0
020605d79106b5a27a94436c57f56c4d04015c902aac9739f71d5ed9b18e24d3d1,0.0,127816287.0,0,0.0
027cf99e95e346897a6f88212d5240fa790e3b4c97581bcffa354de10128998ce7,0.0,56423223.0,0,0.0
0313118036b611e729633e125cec1a911b9d0de42a676781b8c0940926726f685a,0.0,42475520.0,0,0.0
0212fff1e1565713ba134324dcbc4eec59659c167569db6c2ef9797ee1a6e54c63,0.0,17920268.0,0,0.0
02ff30e83896d453cfc89ff4dd06d23d793b7246f154c210324adc1d42c849ce74,960.0,992093599.0,6,9.676506339398324e-07
038baffac55a282ae73e0627146a12a345f7beccb90dec07280e8b970a072849cf,0.0,47520820.0,0,0.0
03051ccd964d4d2fd820c2ebc8dca31d6396ecf9798701174092e66530d2ca0687,0.0,30519417.0,0,0.0
031054617ea79560ebe492873a1cc0f49d8466d10870a0731ab4e4beb4343909cc,0.0,30737472.0,0,0.0
03ce61cb90aa08f4b19b28d8393fa39d107fefa3ff8d303808449ed0853487d150,0.0,45331626.0,0,0.0
02813fd196bf33f9b13f4f48f360c9c7ecf0a472a513d39c9e7752cf0b9850dcc1,0.0,28116484.0,0,0.0
03d28ac32e13a26bc2bc4c2e24adde07d8db2c27557de8047767e41537304bc64d,0.0,181432592.0,0,0.0
033dd79123e7c386655f72d3eed186c071ef3b4a625d3fb9f613635e6483ff6823,0.0,51379501.0,0,0.0
02916bb52b33836e28a3649baea2e4a29c16fd8ad97901b2c97d408f428edef108,0.0,73522543.0,0,0.0
035542f0f213a5b6e985dff0e0fd973da01bd77325d44242fc325d0ea8eea3d312,1100.0,306931645.0,11,3.5838598525740153e-06
02cc79b8d771cc79d323bd71e54ef1780cab50e7c0ef2a4beb625fc9dcbbcc6d24,0.0,26000000.0,0,0.0
035360b3bf6a997ed1bb943ccca2b7ef969b1e25a1ee1322d3c8acca7e34468edd,0.0,5000000.0,0,0.0
03194a892801b56d8bd620d72f848006afdfecbfe4ed397e87446d87f177b083db,0.0,66750000.0,0,0.0
02ee625bb15e64a4b053c31d111ee608a4300f7661f55d0635a0dd08cab52e9025,0.0,29119745.0,0,0.0
023ad453e0ab3767112427b654247bbdd337864532d38967485ab622d05f5d26db,0.0,62379204.0,0,0.0
02ad6fb8d693dc1e4569bcedefadf5f72a931ae027dc0f0c544b34c1c6f3b9a02b,0.0,181978265.0,0,0.0
02c61e171140fc1aac5d3e0bcfefdc79ea954306dfa29265f02def849dc7e80419,0.0,46940065.0,0,0.0
0279f06eba0e1080f6a693201f090d0635a0e5dd2ef57d0207210e3d338133092e,0.0,53441417.0,0,0.0
03b6711eaede09a2769e93e1d693c25e307a66cf0bdd5b7d16b8f252553652ac69,0.0,133220906.0,0,0.0
03d6f80df785288de2fe5de19f24ba8a1db3d20647a88d0a903be9de3e7bb8fce1,0.0,260264041.0,0,0.0
02b21ca992bf95e3f324302265ad86cec24f36166fd7afca44efa0809aaa8b25c5,0.0,354574195.0,0,0.0
023662f1db3d0527dab0869e30f183021db7dc44f6f2e32ece42dd124846c89ca1,0.0,88499743.0,0,0.0
03a84351bb64b77d1bc69ca69fe8fd2a8a14bc4f8e10373e8e3d735e614420ffa1,0.0,33002706.0,0,0.0
0246ee8e4c965296799eebd29a0948b9a4641843298b0f2a8e42256c4b594e4b8f,0.0,139638607.0,0,0.0
0283a2c4416a4803590d46fc104a8df50455c84cb25e9efe494b3ad4739bb5b3f7,40.0,86938657.0,4,4.600945238894132e-07
029221ee9b72b7b1be2cb09610839bef2ea286ba1d7da9fc184731abb789a8fed0,10.0,201500499.0,1,4.9627668663986784e-08
035dcde9122bbac5048443c29a21c77ced865340767412f6e76ed3cae4cc45c609,0.0,82823281.0,0,0.0
031085e1d65b81c2795dbe3608c7d980c22841aa86876c12bd55a222edd8d86ce1,0.0,43591943.0,0,0.0
03d4e028a0d4a90868ec202ab684fb0085779defea9ca7553e06146557631eec20,0.0,152507418.0,0,0.0
038bcc6471941c7d6c14a8ce5b7159d8f73a3a0bb9a93e8896bcb892e14552658a,0.0,201452963.0,0,0.0
02bad5e103306e9dec39c3b92aa8847bd4fc33eadf8003d276cfa7e9dae26986f8,0.0,56250000.0,0,0.0
0334bbf89f5fc82c8aebbddc9f2b78f9528cd2fd916fbc091a8ce35aed57c1110d,544.0,470068038.0,2,1.1572792787924033e-06
0200cf174ef5c6abbdd2f8ab87d1628c83a99a309266465e9c7cde14fb6d5882a9,0.0,49450062.0,0,0.0
0231802089629c66c1fe76da7e161ae50143940c1fe4e10b5252a5c77f4f9e2397,0.0,45799740.0,0,0.0
039593e2b11f50bba8ec6372a8002e7381591b5f73689552c63c1ef4044823dda9,0.0,79903148.0,0,0.0
03e046abe9c7e7f963adf989c128fe187e59890314d0a30653a4498b13d197911c,0.0,163001492.0,0,0.0
030995c0c0217d763c2274aa6ed69a0bb85fa2f7d118f93631550f3b6219a577f5,970.0,1531751852.0,17,6.33261842467157e-07
033465c26c9e5b20369d7e3f1b57ea70019f1ab2458f64e56bf2894eb8d8b54155,0.0,65000000.0,0,0.0
027933275fb4ecb082880baf7774741ef7af1f8ec18d858ce9837ffcfac0da8250,0.0,140202066.0,0,0.0
035c1e8fba80c5e52fdccefec2a325349465213bc9662c96b23231f90873a1ce24,0.0,45000000.0,0,0.0
02b515c74f334dee09821bee299fcbd9668182730c5719b25a8f262b28893198b0,500.0,1903376957.0,1,2.626910019905216e-07
0313b66c1a2f4d1d1612c7f9d717b10272befdb7b003e3cb3744f2bcb607f5b6ab,0.0,48426136.0,0,0.0
021a51ca1f15a5d31f78afe4e920cb01cdbfe36aec60aac4ad45374ce05b49c5da,0.0,70495007.0,0,0.0
021607cfce19a4c5e7e6e738663dfafbbbac262e4ff76c2c9b30dbeefc35c00643,0.0,64412824.0,0,0.0
020f799a23302b58dbf2d9546e3aff8e5c53e67a7391b289e77132a40a29bd278c,0.0,125321875.0,0,0.0
03606d67d00ce06ad053de1f755e6f6c8185ae66a1b1e06ec7b72e2ef702690d5f,0.0,55050000.0,0,0.0
029dcf59b79f01e379f235b0d3d53179f744b802fdf81d3d5e1c4047cccdc528ff,0.0,341436039.0,0,0.0
0355b39fb472045743c767e1f8de60128b9a68deeb5a834f343ed4968cf0193fc7,0.0,122955479.0,0,0.0
02315fe3619ffdea2561bcacecada87b226723f471a59fdbfec18c4e84bcf785b2,0.0,121568616.0,0,0.0
022eb09a7993a0edde69537b420f4119c0de833e0ee47651753b46bf884db75235,0.0,88539500.0,0,0.0
033fd3e16bc450ea25cad365c8422f5534429c084a2f5e200caaf5fee6811418e5,0.0,85292513.0,0,0.0
03127747aa9fb9b4813b7ebdd6ac47eb047954513ab06fe909689c2c42eaa49a33,0.0,66403849.0,0,0.0
02bce4f7ae5b2d51c18575b3f277e296d9df800a54d749d7a3145c9e40237e4011,0.0,963934706.0,0,0.0
0313827390afcae8876dc7d56c417d5698effb237e6eab45a364ac71e9e2044c9a,0.0,70573803.0,0,0.0
03627ebe50fc6eb80b0caab0c3714958c701eda735e3c29588e83150d6d4a93976,40.0,267256481.0,1,1.4966896162940946e-07
0385b81d9661adf36c086be5217a03c29a4276c0b5c9e607c745a239bba430d63f,0.0,290393222.0,0,0.0
02290ab3aeb60ad2215b8e2674e6f2357d1f200f050d6dfdf4ae0983ca236d8402,0.0,48387333.0,0,0.0
034a9b2c51283caf64c5659224c9f09c6985114ceba45e661acfc395ddcdf3fbc2,0.0,36500000.0,0,0.0
0261d1b9535b00ceb9ff0fb75e2503e468f2502670be4637271b71e8749a9c024f,0.0,58780505.0,0,0.0
03a9cecaad78e5fc8a3a77bd124a5cab6dc046e425cf75b9d1645ef9261e31a273,0.0,113371145.0,0,0.0
0265c5055ce6b44275e4f0d49ef3f6aa856ead0b9c00abe69a087fd1a5f68c6a77,300.0,376685947.0,6,7.96419410889252e-07
0341070fbdd7603c26b3bdf2a4e770b7cf2865a424222a84b02f6196e9c1b4e5da,0.0,145291487.0,0,0.0
02572c2e1b43a78bb060e7d322b033443efc0d8d60fc2b111dd8bb999aa940d1f5,0.0,189718947.0,0,0.0
03a8b61013b27176c441cb7b6875b159d9dc1c270651e603447e93d5bbc78ffaa6,0.0,67731050.0,0,0.0
02a4002deca0ad6781b1c55ea5c692faae768fef44e1997c5723cb5393a98709ae,0.0,229762941.0,0,0.0
0206ea71e1d599b322ee30b06ffee8b97bb4dac48637a02e5a71de8e378d4cc8db,0.0,35874910.0,0,0.0
036508f7e82bb78bad307cfacf4edf850fc3f20ca071eaa8074d9d5424a9092c0b,0.0,85220294.0,0,0.0
020614a7628743ba0b9cc8174206f29b46019c26076d07bbb9e15061e40b1ec1ca,0.0,72500000.0,0,0.0
02651fa5f3f6676c6f13d88b3ffd3101421cd3bd1773d4af92242c46f0f902ef39,0.0,90978462.0,0,0.0
0230a5bca558e6741460c13dd34e636da28e52afd91cf93db87ed1b0392a7466eb,480.0,906143428.0,5,5.297174654341806e-07
0399d0b447f378db24fe5f4ecc7afb65bc074596a0fc8cf299d5cb8319ad299f8d,0.0,208525970.0,0,0.0
02587c51c3196667c9112c688ccd2356d1a3983610cf19118e33947830ce46e1db,0.0,101966033.0,0,0.0
03a620af40358d9e11dedb91681707d24388369c6dce0261b6f5f701f35150b7e3,0.0,65500000.0,0,0.0
024a8228d764091fce2ed67e1a7404f83e38ea3c7cb42030a2789e73cf3b341365,0.0,232513763.0,0,0.0
03820714a3f891c7c3ae5e00dbdd77f06ceccc24ddd8c99fadef13ec2eec462cce,0.0,187318992.0,0,0.0
02343a10733a5a42a1d4a2474dcea92fb401bc93c52902f96fe533c8ab8a568131,0.0,109291725.0,0,0.0
0387dd01fe2b154c7e9002d9e66be0c4e47d90433bb184b6e609be24d73c6be698,0.0,46200000.0,0,0.0
03037dc08e9ac63b82581f79b662a4d0ceca8a8ca162b1af3551595b8f2d97b70a,0.0,15458074550.0,1,0.0
02bb24da3d0fb0793f4918c7599f973cc402f0912ec3fb530470f1fc08bdd6ecb5,1040.0,1055319096.0,19,9.85483920400887e-07
0387600e7702b803edddc49d9cd5a8eac509eab5d1cc12a87ab385be39e6c762c4,0.0,50470051.0,0,0.0
022eae8c2a9a8b02dec48e793dbd95ba322cbcfc84ddab573c1a85512bfc4ad7a7,0.0,299031889.0,0,0.0
0303a518845db99994783f606e6629e705cfaf072e5ce9a4d8bf9e249de4fbd019,2330.0,1852613236.0,35,1.2576829068924994e-06
03cc1d0932bb99b0697f5b5e5961b83ab7fd66f1efc4c9f5c7bad66c1bcbe78f02,0.0,75410826.0,0,0.0
03c9b47af55d8c13dc4c764e5d0e6a02b7498160f7533f015bf0c107dec00c008b,0.0,295564239.0,0,0.0
02a4acf2042a6527daf094a331005c805146389c7b2272299335c9fbae2da036aa,0.0,120988558.0,0,0.0
03c09b277a8bec8fe18bbb039d59425153ccdb99cb060e35e208f119bce4710318,0.0,50831642.0,0,0.0
022c260f9ad58196af280c80a96ec9eabf6404df59ff1a7553b0f381c875a29ba0,841.0,1097757813.0,12,7.661070502442418e-07
02e2d1b40f08d2ca704c7f62397eec42245cb394d4a07db695ac5348dd24a527bd,0.0,189499999.0,0,0.0
02d38871e8be8431cfcec76ed5886eb31cd9dd48816c9eabf3d2cdbd9a998b7428,0.0,94774677.0,0,0.0
0332f70a7f75e794cfb27f743bc237998951eb38b63ea18165af521e2500484877,0.0,64129051.0,0,0.0
0320a133b9f57014ecff23e411489fe83a89d8ea18716caa3a6213e103d5229c4c,0.0,73543713.0,0,0.0
031f603ba99047f01eca60d13df72bd8c41d015e9275827a876609eb28f74b956b,0.0,43700000.0,0,0.0
036578a930856b958fa6ee136cf27a1620c48a2280a3315257b33bd1b58174a776,0.0,68831468.0,0,0.0
03e94e144ad749a1cb11972212267fac12c0abfe0ca5a33985dcece556e62a1443,0.0,176515891.0,0,0.0
0288f320d25b20df0578af737ea951c1c3adcc4e8cd908d5a291bddc49981a1cdf,0.0,217466864.0,0,0.0
03a99ae5666f596f4fc100cfea92fa0a89e3b272305801a9e9c49a30853b6f7674,0.0,45849177.0,0,0.0
039cdd937f8d83fb2f78c8d7ddc92ae28c9dbb5c4827181cfc80df60dee1b7bf19,0.0,394500000.0,0,0.0
0395a7b27c7597efab6af5806081e6f4d9e65003b100b6d6ace892bcfdbcb5e741,0.0,60422117.0,0,0.0
032a54b1e9cd2ff8ec5f58915a749cf074e957006e8b4da9c8497fed4b6c6f88dc,0.0,242388607.0,0,0.0
03bc9337c7a28bb784d67742ebedd30a93bacdf7e4ca16436ef3798000242b2251,840.0,1451631013.0,13,5.78659447530004e-07
0353325e099c2b657ca5c4bb975a20b0c3de1d2391dabe73f40484aac255628d22,0.0,36705000.0,0,0.0
0356b176cd3ad7b8167197833d3c290c009df6866f7ffb4a24260f44cf145e8435,0.0,25250000.0,0,0.0
0313bae3a7d09d7f1a7ff595918567ba39e503789884d003036a88f7fcea3ec66f,0.0,42278548.0,0,0.0
032e60320fe7ccfda6880e8ca639f5f63a1c5aa130270931e841fb517728ccb483,0.0,37892659.0,0,0.0
0284a249ee165723f01ae08dc340f9f60bcbce8dda2140401f1bd7548ef11dd5e6,0.0,328850547.0,0,0.0
0231d05027b5df80ebde034b45df8a893ccfd12848fc8bc4f6f2f944ac7de95b70,0.0,632111273.0,0,0.0
02b7291fcf57fd64cb9610beedf37eac46212762608813ccf8090520701b94ae62,0.0,1213549494.0,1,0.0
03c673ca36cbae6becd609e827745961a92c6e4661f6200c463b8c101691a7e91a,0.0,116585535.0,0,0.0
028f65c949de5001994c4390ac0d81bc5c5d5beab5a4f32df36265a662922a7e45,0.0,72100000.0,0,0.0
02abfbe63425b1ba4f245af72a0a85ba16cd13365704655b2abfc13e53ad338e02,0.0,1380570249.0,0,0.0
02b814e877ef16dc7c6f96cbecca2e1759b860efa827ef2bc85a79d8d1ae7f3be6,0.0,64557446.0,0,0.0
025e9497188d33af48bb15cfc3cd6d7c549eed05b5f54d45615d3cb7ec3b562588,0.0,301224776.0,0,0.0
024365b53274e78d6b376976f0555f94318927b041a1dc9d793a08bf906869d3f4,0.0,888353685.0,0,0.0
03a6daac0ca23f681f86f7a3dba5674ae5eaa5c171571ab1ece5bf10c0ad7b4c4e,0.0,83524416.0,0,0.0
034718d8f0a79420104247abd6c414b23dc211fe1c74f4da69a7c7ec2483efb402,0.0,106489026.0,0,0.0
037659a0ac8eb3b8d0a720114efc861d3a940382dcfa1403746b4f8f6b2e8810ba,0.0,8248439276.0,0,0.0
03dc63047373c13d6512bd2e8d893cb445ea833ea4b6d496249290413d02674851,0.0,158000000.0,0,0.0
033f6152ad78709985dc9bf7fbbddf2ea0255dd60c97205bb1dcec2db4185baa1a,0.0,101591439.0,0,0.0
03a465772d45616bf6c8450a69191db8f3cf8cca19ff92138735fd5f1d436fe4dc,0.0,188398151.0,0,0.0
036982a2b2398b9835a9d6cd2371a08c6e221f9e1b879008959dae28413af78067,0.0,48177292.0,0,0.0
036d89937841b3d34b70bc1e515dedd1082db048459733e3d3c62d7bca97fbf33e,0.0,76966120.0,0,0.0
033f09f5ae51c101debed97a7a7317fc5e91a2041bf9ee17079856c2d4005872e1,0.0,40628860.0,0,0.0
03e691f81f08c56fa876cc4ef5c9e8b727bd682cf35605be25d48607a802526053,0.0,59385555.0,0,0.0
0285829ba6d498e27c072fd339a69317ac09a15a2729422663c9efee0ff0f67320,0.0,70411814.0,0,0.0
033b277b17cf7c70fd4de5cbe8dcaeda0cd63d44fcd680f82f76dcac2ebad10c2f,0.0,239898224.0,0,0.0
039b18a4c32a63d7d390c4fe61b26598fc9aad2ce19303ca5fec01f10687d154e8,0.0,83500000.0,0,0.0
037d7cc005b2b511dfdb09bbcf8acbe04f7b08f35820ae3c6d70c8af457cc2bcfb,0.0,84946469.0,0,0.0
039c7031ec94c21d9903da8819fdf9de85b5cba07d10d91d6391324b96f5df1442,0.0,87850000.0,0,0.0
036730eb2cbf21332a4935c91f897888dc3b19c947f3bcf51794051b36094e7cff,0.0,50175000.0,0,0.0
02ee60fef298e59b2ae4ff09642a62a1317c7baac97d51b1fc7e5581d1c6fef695,0.0,141460498.0,0,0.0
0358327cb80ab2a8db36a5924c62966c7b4a753045600df594aa3863ecb618cc5d,0.0,59220249.0,0,0.0
03afa7a8196dbca763ee6f9a34b634a7adc03f154e5d6979fe654db5606b5fb2b1,0.0,371930498.0,0,0.0
02ec20f34bb94460f3d63780dfc24a4d4a1ddabc3bd86c09e1830c5b5db08953e5,0.0,337056720.0,0,0.0
03673a51181ab41737b0bcf191ea65cc5a925e42b07449ef915a3ea99323a46adb,0.0,179765821.0,0,0.0
03d506016e3e0e540ac26d557a412520ea24990ca9405d410c24122f648752b830,0.0,81097275.0,0,0.0
03f4401ff73acf97a561442322b1f81d726c5e0f93c57c821211ab613cdebbbc2c,0.0,73925000.0,0,0.0
033d8656219478701227199cbd6f670335c8d408a92ae88b962c49d4dc0e83e025,733.0,34729408233.0,322,2.110603195661425e-08
0387cc9d4114aa5a4c9721c1837cdc133668a05a15dce5e3e99171b35dd65f7443,0.0,3500000.0,0,0.0
03f171125a76de0c957341488156993e3e6a603366021da31ef5811812b4881c81,0.0,39007425.0,0,0.0
03c20356b722bd6bd6a879dbd93871b15d29e31d1a78963ca9aae6bcd5777a0fcd,0.0,181250001.0,0,0.0
02e4971e61a3f55718ae31e2eed19aaf2e32caf3eb5ef5ff03e01aa3ada8907e78,77.0,3417781767.0,40,2.2529232481565872e-08
026165850492521f4ac8abd9bd8088123446d126f648ca35e60f88177dc149ceb2,560.0,1723997209.0,56,3.248265119436165e-07
03b4b0ec285572a32cf4501d2b46f5f742c5aada4a9798ef9a2876fd4e08fa4c56,0.0,52350000.0,0,0.0
0243046491c3f82d18db51b605a26fa069aec4eeccc0260b5135c5ca09c20df29c,0.0,79247625.0,0,0.0
030a58b8653d32b99200a2334cfe913e51dc7d155aa0116c176657a4f1722677a3,0.0,228596039.0,0,0.0
02242c641dac85a44b04eeddccda2f34bd9dc0f08e2f8db5c9c061c3e5852ac556,0.0,304277214.0,2,0.0
022755c3ff4e5a1d71f573cda4b315887fc00a9e5c9ea9a847d939f3e517e69a70,160.0,1251645440.0,2,1.2783172844859325e-07
03de6bc7ed1badd0827b99c5b1ad2865322815e761572717a536f0a482864c4427,0.0,96003053.0,0,0.0
02a562cd59c850690e66d234414c4dca814f39903740e52e60ba33416d69d1388e,0.0,50250001.0,0,0.0
032434517e28f7b51665a525d5e11fa493bd4e30a59883b8156c2be4085f4aaf70,0.0,155049124.0,0,0.0
027222caea9c1070952bc8c7a05a6f75f26f3bffc37e80e627cc651d50d50eb268,0.0,54044639.0,0,0.0
032419161f0505a955c4025e90eb441f5cf5b103a99b9f2cde2965fb80e6b29d8c,0.0,91500000.0,0,0.0
020557a3fda1d3ef1a5f86401f20ced3e67642170388afef3bb642a5dc3ac02bad,0.0,25000000.0,0,0.0
032312e5e15e89211df36e473d76af60672e3efebfe42a9b2113acbb456050b502,0.0,64816775.0,0,0.0
0376bd2f87ea8376ae5b451f85a4210e4df5ce81b949054288def4c7867640923c,0.0,60283563.0,0,0.0
02be8a325c61af50aebc2004e3a3db0dc8d255f2fb95036738392172f739fa1c3a,0.0,48000007.0,0,0.0
024271a1be2d7a3e2a276b241257be734d843885d252f50575e4c7db2691aedd3a,60.0,1188270555.0,3,5.049355110882134e-08
0302536817c335e45bcd0b10b78fd06bc246609405d98eb64672410dce04f49e5f,0.0,209157749.0,0,0.0
02758d961750972030292701d85c90e332bc1b7d8db0e705df3f087d285f9caf06,0.0,158000001.0,0,0.0
023a12e47bce6b6aecbb84c40b9ecf9370c54ac3fe57a2a308a3658dd3edffc8d0,0.0,45000000.0,0,0.0
03905aed59919f322abcc107c3cb6767bc7d40ed175a9d143706fc211cad188157,0.0,53751034.0,0,0.0
03b6f613e88bd874177c28c6ad83b3baba43c4c656f56be1f8df84669556054b79,0.0,23388607.0,0,0.0
024a2e265cd66066b78a788ae615acdc84b5b0dec9efac36d7ac87513015eaf6ed,0.0,587785812.0,0,0.0
02489368e779854165517c9d88e977c7e2e90e4836bfeb63186b79cc015f00700d,0.0,230078114.0,0,0.0
031ce29116eab7edd66148f5169f1fb658fad62bdc5091221ab895fe5d36db00b2,1060.0,975068097.0,17,1.0871035605218864e-06
0259819df53a233993e993a872d82d7e3fc64376f3fe7d0f2831963b01f6dca075,0.0,46897363.0,0,0.0
0390cc12f782259427bdc45a283705f4c20ccbdff064ed43f6b74fefcafe9eb1f7,0.0,179320459.0,0,0.0
0334a7c3a2ce4b1c9abac312850d9c6220cd87698999deb8c90305dc0c66e8fc94,0.0,106157317.0,0,0.0
03e3185014c9330e8797432e31fc7e2ea40b644ebdd89a6076aff4564a3c8a16f7,0.0,55165821.0,0,0.0
03f20b295a728be64537bd7df1bf9092ed4bbf09b2c10f68c482d6fcb4f2232b28,0.0,82750000.0,0,0.0
038c5b2d6a0fe180d1be557d49f7f982190957edf20a4c05a305d7aed17c156ef0,0.0,71000000.0,0,0.0
031c7ecff228dfe6054307ee49c8616998af5f8d4436f13c07d211aeb6c0ec87f7,300.0,664186296.0,10,4.516805026040465e-07
031015a7839468a3c266d662d5bb21ea4cea24226936e2864a7ca4f2c3939836e0,0.0,1004515142.0,0,0.0
02f6155b106a9f92a13738833ec7e25da58fab1fdef3ac085571c3984bb277d547,0.0,98647502.0,0,0.0
03f9dc7982e336c1d4115459d59f40589db9db1a70adf741ed96584b79f60612cb,0.0,123110583.0,0,0.0
0372bd00e7c43efd583623d8fa688141b91e00d0ad65b29b630bf7188804da50aa,0.0,126501000.0,0,0.0
0337579aadc81356ed7f32587565e4c2a7f8d1561be8cc3bd976cbc6a409a4a71b,0.0,43307360.0,0,0.0
033b63e4a9931dc151037acbce12f4f8968c86f5655cf102bbfa85a26bd4adc6d9,1050.0,1470178973.0,20,7.141987603437177e-07
0351f4fdba0020a18cfe0f0260c065a4e2aabdfb693f690db111f11c323c20234a,0.0,63946629.0,0,0.0
031633471d005f37252ede8114c6f4203e0a668270532f0f11a1e4072eb2eef272,150.0,194117935.0,5,7.727261265168517e-07
02d875382a2f30533a1eba1bde7e71b414f942da8be37ef7f47dfde119ac1f405c,0.0,86243375.0,0,0.0
03da1c27ca77872ac5b3e568af30673e599a47a5e4497f85c7b5da42048807b3ed,1120.0,1367695248.0,17,8.188958773073108e-07
0261d2f4f6777136fe08e6a91c83439e02b79c4d9b5d6d0913e0141ede00e8d74d,0.0,72329277.0,0,0.0
02875ac2c27835990ef62e5755c34264b2c39f51a41525adc5e52a7f94b3a19f8b,0.0,224035278.0,0,0.0
03391210b7fd47678df727ed7c39ea2f3c8dd43d6fb747582b1c13d4c1376f4714,0.0,66259523.0,0,0.0
020003b9499a97c8dfbbab6b196319db37ba9c37bccb60477f3c867175f417988e,0.0,74536188.0,0,0.0
03c91650dafc58f35cb862c3e5b67d281b42b2b0f2c36251c017c9aae0821c841b,0.0,108325000.0,0,0.0
0256bf97644dd1d839aadd76e2351c1b6bb8173bb9f5ea4affb07075f880e52302,750.0,637284710.0,6,1.1768680281063075e-06
03ac80331775d256eeb7438463e9cf1b986fcc77f84d9501cb52f34ab957fb6e1b,0.0,69100000.0,0,0.0
03a6680e79e30f050d4f32f1fb9d046cc6efb5ed4cc99eeedba6b2e89cbf838691,0.0,30065937.0,0,0.0
03e2a4a9cc59cfdafc2837633f9b9c13746dee9d100f30955d488138258c79416d,0.0,59768498.0,0,0.0
02a49e170b9b5c0d4f4b4908da6fd797186f04166a0182f37ea87fb8523c3646ca,0.0,88822794.0,0,0.0
0254bb156ecd0eac318844415a91a377bc6947ea4c9fbe5d248e563c29a1662835,0.0,215269787.0,0,0.0
02e40b0539b0ae06a0163cee60932ebf61cf7587d3367eca29a931e9331860a992,0.0,80198204.0,0,0.0
023bdd219b85d02da9b3fd679b32a1098c97122767433eb4ba59641514bbcbd694,0.0,84100000.0,0,0.0
02a1df86257775e406f42d8f5a3ef3a2dc7bcdfd79fa5154f97c31e9a5046e4c6c,0.0,47154480.0,0,0.0
02816caed43171d3c9854e3b0ab2cf0c42be086ff1bd4005acc2a5f7db70d83774,0.0,344593045.0,0,0.0
0250baf7a558091eb9c93f43d595b795db61bd2b55ca016d8682fd310cb1b81e6c,250.0,1364757899.0,21,1.8318267304639357e-07
02507f684e3e97ba49ed713fadeb97c22ab1ff666ebfc36066a14a04d8b30bb9fb,0.0,53891661.0,0,0.0
029fe435040c8b665f731f2b0c81d039238ef1e3a1b1de0afac2b476361a26d675,0.0,146268257.0,0,0.0
02529db69fd2ebd3126fb66fafa234fc3544477a23d509fe93ed229bb0e92e4fb8,0.0,131308647.0,0,0.0
020d1617e27ac022395352f2b3774969593d3d6ddff6fb117d820a9dda8da45217,10.0,1056559802.0,29,9.464679596053759e-09
02ee6c2cd1a8abf7eec1fc55f8fa41d307e216c9738ae743ba72f86007d9c6a179,0.0,98297064.0,0,0.0
026606c031210ff5a38e193bfc3148ce8147f18f93637ffcb967d829ab361e4852,0.0,61900000.0,0,0.0
033c3c634183087678b728f061c389d8e7d6a13d3d0f7aae938c2db562c61d696b,10.0,58000000.0,1,1.7241379310344828e-07
03e6a611923bb01ac843493f21a7f7a33f4b8404974ba5fc56399ab752fe802a35,0.0,92765416.0,0,0.0
02bd2ed32599f0a52ce507ee18366623e51c639f7f5729e9b9029799cd6d8bb8cd,0.0,58388607.0,0,0.0
02254f26976d6487f7664aa941e006642ac3f3974d20c19f4117069e5803418dbe,0.0,128759764.0,0,0.0
037c65e34444c37deaccde1f61f03b93e22b3d7451894d836f60132ee5a6f486ed,0.0,202267555.0,0,0.0
038a43948bc67703c9ce8a94aa298867b8533633ae95dc80edf6e34020e820f030,0.0,110916677.0,0,0.0
02ceb27f3d4e32b83f37dff8bad8cc802dc0f380ca0193e90514ae25bc32c7542e,0.0,151777214.0,0,0.0
0294fd62bc6f4ad2804dfb01237baaf8b8dd5646cf60639e6586c5a1d9d4ed01f4,0.0,452600561.0,0,0.0
03e5ae51b438167ed927dc18032dda6f029d81982e2f88f58b69cfed016cd8d0fd,0.0,49804367.0,0,0.0
02f72978d40efeffca537139ad6ac9f09970c000a2dbc0d7aa55a71327c4577a80,0.0,241089233.0,0,0.0
03e9571b546b8b68cc2ec4963e24e578cc1f90ffeb490e8189d8e48975bd11f103,0.0,37976850.0,0,0.0
03339a8dca2023a3e2a7b4ee99f6a7be87d04bfd32775d3b7f85b0d6d30c457626,0.0,53000000.0,1,0.0
02789a937b21d46a4d0fda71f756aa25639ab995ef867704ebcbc5551cb943be80,0.0,86835991.0,0,0.0
0232f4c09bf0a9a1c19c68d4b22ebe0377bbbfc240e62afaee824d9355cd52eab9,0.0,94300000.0,0,0.0
022f3bfa1de8491bad95ea018b17d47efbfe713cd2da59ad5fc380198612b8954a,0.0,51856907.0,0,0.0
031e84f29076143d0f2a92b9910f6913222054b5af30c8ac10f5b78d4240a67dd1,0.0,42826732.0,0,0.0
02d419c9af624d0e7a7c90a60b9ffa35f4934973a9d7d3b4175cc3cc28b7ffcde1,0.0,99338706.0,0,0.0
022eedc8acac04e78faa75053458dabfc1b711b67854caac3dd3443f1a0b9e25a2,0.0,41846399.0,0,0.0
03698a61657d54ef3d43aff229da7037bdbea27654ed7fc043b439265132c52354,0.0,47210245.0,0,0.0
020f7c502e19ccb375d4abc689f2c1feb6816961d4a1e2dcfa8813f11c3bc9a5e1,0.0,51027918.0,0,0.0
027c4b3f51b43b5640b79799750d2db6d84a0dbd590b0ba2d1cad79bb72a53c9be,0.0,21500000.0,0,0.0
031e41426d7ac75496d090a92f778d89edcff3bedc36db913b0975cbf112ff5283,0.0,48375000.0,0,0.0
02fe80fb6a2dc0fb6e9bec49c76d048889c91355d4e900fcb026bf095665790325,540.0,811999042.0,6,6.650254151408223e-07
02719ddac30c16dd856bb61ec4a52a5984d345da078c1855baeef856976e9f312a,0.0,68547289.0,0,0.0
03cfea6e01d8735d29863d0ecc0f637e5da25c3afb1894e6cb1c25cc9c52dbceef,0.0,72527698.0,0,0.0
02ec10d238c608af4691a0e817bcfbb4f889f90c95d93ba3150a1ac04cdcde402b,0.0,36134744.0,0,0.0
02b0172bb38617fa3afdb69664468b492d5a21062a4fa8b47284b0cc320e6e7420,0.0,180944730.0,0,0.0
02b2c7add49ffdb7ff469ed578788e786ca1f1f0ff00b0c2c7fa3d021ef66381da,0.0,35282812.0,0,0.0
03807e3c5228372e94cd7b647ff0fec1bc993b85414befd715e74649b9d6659c65,0.0,111003770.0,0,0.0
02db3bce6ad28505ec56254e3c27b912f3d3723d7573e3b4174368b80ebf8f2ba8,0.0,91982218.0,0,0.0
03bd6d28432d67effa2b2b89dd5fd68697940e8a8f2fbb84aaae90d584295b03bf,0.0,81624774.0,0,0.0
02f632a71b8886dbec5980d11208e2cbd1dea3c6fe7b8c2c8fa43e1ecd00177113,0.0,42423027.0,0,0.0
02dfe525d9c5b4bb52a55aa3d67115fa4a6326599c686dbd1083cffe0f45c114f8,6.0,570260093.0,3,1.052151478535953e-08
020f5ec11bd12c4be776722b9e9b60698179a3478f8146595953b7da76b39c269d,0.0,76374705.0,0,0.0
03e9c99fddf5aaa60e22c166622206947b1fb14ae2926f550f837af6aa83556bb8,0.0,333489529.0,0,0.0
03994a9d4b2ec02cca101a0f069b5c360ac65fd3fb441519288e048edfe38d7044,0.0,89100000.0,0,0.0
02aace31b8120e29cfc29d991b63fe8614cddd3fbf6148431cc3a68932c363ed29,0.0,183933330.0,0,0.0
0284a1e2bcd08ad7e204fdd67bdf1e18c711cf225182fa52e60623c189c2393a45,0.0,37750000.0,0,0.0
02fcc5bfc48e83f06c04483a2985e1c390cb0f35058baa875ad2053858b8e80dbd,0.0,653574684.0,0,0.0
03df3f0a2fd6bea5429a596461ce784c922b2981ada1af89cfefcd9ccfb16c16a7,0.0,931498220.0,0,0.0
03dde2d452bec35f84c03ce50294af7322e0249bb899b4b0ca7d164c354df08072,0.0,67264768.0,0,0.0
024d07b3408c35e03983f6a6c02d3e70c14f5a00ebc49c395342aee6e64d02fe41,0.0,126414916.0,0,0.0
0249ab25ebc69a4f71d1c3019c5c653e8b2a84ad3916c899139fb3e7825858b3e1,0.0,51938606.0,0,0.0
02abbaa2bce7a353ec0624cfb91d19a3a6024d9bebdd96e79e6f289ea6915790e4,0.0,53336349.0,0,0.0
02a04446caa81636d60d63b066f2814cbd3a6b5c258e3172cbdded7a16e2cfff4c,0.0,186729524.0,0,0.0
030751b547f0e59c40086bd6a2b5efbaaccfa850aa5af5118253070ee123787193,0.0,70011959.0,0,0.0
021294fff596e497ad2902cd5f19673e9020953d90625d68c22e91b51a45c032d3,0.0,360758500.0,0,0.0
038775102258944fbad46ce629d453317ddf62dfd391e623e0db3efff0fb006762,0.0,42043056.0,0,0.0
0242c1650f320c43f3600ebf3b5fcaf566760fcd421f35b68fd1e39a31b29ef540,0.0,252104868.0,0,0.0
020d06a56bcc6428b48b02c8e514b73c4bddceba844570abda2bcc46bc474425ab,0.0,199442165.0,0,0.0
023ef61f179d401434cdb44cd392d06e1bbeeb4eba66097d87aaf5e1232b7a5506,0.0,49175000.0,0,0.0
02d56b8002151db347eb1c946c6e42db156df44539a4b857c02b0c0b3c0a48ed03,0.0,43250000.0,0,0.0
03ac80cae732282e57f23c8c5dc5ae5dd86a77dcb378213c36cecfd28a2aa04339,0.0,101000000.0,0,0.0
039bd6ad6e5da4fd0774023233b818e5c930a2224d70d84366840bd9476232711b,0.0,41927501.0,0,0.0
0251fff168b58b74e9b476af5a515b91fe0540a3681bc97fbb65379a807aea5f66,0.0,188425421.0,0,0.0
02343c19a39dd11cfc6f7571f36213dd52fb70ee45ee4074913d43891fb59579b5,0.0,3623454.0,0,0.0
031f2669adab71548fad4432277a0d90233e3bc07ac29cfb0b3e01bd3fb26cb9fa,0.0,327974584.0,0,0.0
02478e2fc963f74d0557a4bd821a743b18d51bbb589bfa124edf39aec95a65fc35,0.0,99722303.0,0,0.0
027ce055380348d7812d2ae7745701c9f93e70c1adeb2657f053f91df4f2843c71,0.0,1126888795.0,8,0.0
02729f7a7cb0a3bdc105ab9e2b0b0e65713dfb16165207b8ce924067d4fc286981,0.0,107660095.0,0,0.0
0357853bbdbeda5b662783f391f29bd10194e2254d0f091eb4116a0b405001dd52,0.0,41867511.0,0,0.0
032ae3168ba52314da581d6b6693c562b437a9cf805933d4d69e7801547e07302e,0.0,71115806.0,0,0.0
03bcf1f73199ed4445a8d6c033dd8cb550bb5205a16982ad2e13359e3318498c02,0.0,134705821.0,0,0.0
023d49fd88692d4d1f366ee8ffa9dfe979c2266b036b440928e86cf3abe28d1894,0.0,356552943.0,0,0.0
03fe0c91633b7475f1ee5745773d12e6c560263b42df5073fcc4d6d7b5c5e8c11e,0.0,36750000.0,0,0.0
03d29a2fc370cf011a743d893de86ab9a920f2445539ea46db2186d9b95183f67c,0.0,67788460.0,0,0.0
02d2f693212fc525ad1a4d7546c2f24b96a8c002b8567c49fee744569a4abc6c99,10.0,170155804.0,1,5.876966735733563e-08
02045f289f0de16b275e925aff584bc6c626dddc0f29e15b367d68a35de445d98b,0.0,42350000.0,0,0.0
0363ca052a083fc5196267fe51ceca183babd765a7e140d0106b97e5e9a3568b8b,0.0,67942074.0,0,0.0
02c3ffc714b9ea194ec3f4fb46fa08bb0da1430584a60fb2177877fc7434af9b14,0.0,46155435.0,0,0.0
02ba9508eb244215a6469bebc7c941f47d5fbd6e9b3d412c1bdb381150ce115fd0,0.0,42023317.0,0,0.0
0363749dbdb99321177082935bf7c36978fc46c725c5c452d48d721ab31e7682c2,330.0,258640808.0,3,1.2759007464900898e-06
03e865ea04a93245a0685e9dd5280514a9ff0d9162c3c3c004efab2636631229ef,0.0,71000000.0,0,0.0
0285c280641305f1641a9e08718d5f4b1ea3bde8003beec4acfbefb5dde207ae4d,0.0,112990060.0,0,0.0
03e86afe389d298f8f53a2f09fcc4d50cdd34e2fbd8f32cbd55583c596413705c2,0.0,49624582.0,0,0.0
0207ed361128e101a16605fd8e7b491e2d28f7db1677363c9712a3907523a414d2,0.0,150175047.0,0,0.0
02f3c672ba1b02f8885a10d6b9ae4e7b88a0c7f580de79fd47ccb3d4306e1c240c,0.0,64110509.0,0,0.0
033a77a503c4d33806b41320d53837ab818c937649e30a53a190614c79556d195f,0.0,180582160.0,0,0.0
0255ff94583166afd90a0fc0a3042b73724feeeb4141d5218b00e96d036ebfa2f1,0.0,51724361.0,0,0.0
0237fefbe8626bf888de0cad8c73630e32746a22a2c4faa91c1d9877a3826e1174,0.0,116808082.0,0,0.0
029a8741675c4c9078b577ddc4348d602d2fb45a12e6087b617925997a84f4c02e,0.0,90995321.0,0,0.0
026af41af0e3861ba170cc0eef8f45a1015125dac57c28df53752dcaeea793b28f,230.0,1343224334.0,23,1.712297746386718e-07
0201dd8a0e2b0bba7b39314b1cb515b789b56861fce45b0a278bdccf43415294e7,0.0,53648964.0,0,0.0
02f1a8c87607f415c8f22c00593002775941dea48869ce23096af27b0cfdcc0b69,0.0,9968371845.0,0,0.0
02d3f41e090bd5b52eed0a9288705b248eb27afe995f02840cb8e7a2abc72580e2,0.0,194700000.0,1,0.0
037f66e84e38fc2787d578599dfe1fcb7b71f9de4fb1e453c5ab85c05f5ce8c2e3,0.0,443964772.0,0,0.0
033e9ce4e8f0e68f7db49ffb6b9eecc10605f3f3fcb3c630545887749ab515b9c7,3590.0,5039483952.0,141,7.123745276687013e-07
0230faf7c3b2d0c4551568ee657348b77c48d8d365a31f240a832431bb19307f98,700.0,276379535.0,7,2.5327490329557144e-06
0293952cbf1be801ba5d73ff34a950affb64fcbfe2d0f46ed0b32c468874aa0d57,0.0,88173365.0,0,0.0
0320534540971752234228e323faa4f1314f8751e05029413c8ae34da209f8e497,0.0,61409419.0,0,0.0
02551c2c66888ce990cf01822b9f5258f2f96de25a86828d1c0d18a894b2217411,0.0,76353398.0,0,0.0
02671072e182eb01bb1d51c2dd04c7e32decc85b05d1bc4f5acd1446cb05ce6d16,0.0,106700000.0,0,0.0
02d3db7c13440cf6b4d636208acceb0d07c60e4e14aacd2aa87c0e91ee827422e3,0.0,110567680.0,0,0.0
03d982db3411528c4a951dd6168d66eb978908f6ca9c1223d79e37b68fe33d3a26,0.0,78016871.0,0,0.0
039faad98d8013755a78f2d9e681e87cff1b1e6cfee51a253c5ee88d272b41f5cb,0.0,52838821.0,0,0.0
03d67293bea1d531353a5026d752783628ef15f285fb00207b4eb72185674e9ec5,0.0,120989107.0,0,0.0
039199b7b5146fa2b0bd00a4c97ccbc4950c079ad5f9f982a8b8f2d8e00c828cd9,0.0,55000028.0,0,0.0
03dd09855c3634daa5c7de0146f4d54eb395b51ae422bc86ee1132a0d7ed50e720,0.0,466172530.0,0,0.0
02f460ae6d3d3e104f8afe520ae0cff3d94c35c2ba8df66da89f3c8006a265b90a,0.0,1125245876.0,10,0.0
03457c295a1fce1b2293fd0bc13b373660ca6cb4f9608a03299657b2204dbb43a0,0.0,52000000.0,0,0.0
03f3b0ff236bca0cc9cb2c4550ba358462a4892349382e695c538f3e891a6639e5,2.0,611719782.0,1,3.2694708571644654e-09
03b9a2802555f58d8b333adf3564dcde4f30d306be27edc410d4d0ebf7194fa21a,0.0,39333333.0,0,0.0
035fed4182fbd0725264f8a0018cabb6b25514dd231291162ac8dd63afb278e9e8,0.0,176338701.0,0,0.0
03284f74651198c2c35952a8e0204e68a824455f329f799c1368feb850572036e9,0.0,127350000.0,0,0.0
02731b798b39a09f9f14e90ee601afb6ebb796d6e5797de14582a978770b33700f,0.0,102029665.0,0,0.0
025831866bd91f0d492e26217cf8a1c60cae8c57a32265a9f7d41f080706e24bd2,0.0,1138013499.0,0,0.0
02b56712f65c281a1eacee0bb034699a716535a1c8ae1c912e232893d4ad27d3a7,0.0,258279386.0,0,0.0
0217a75ccc5fa0b0d56c3de5a90a13c1c62fe56aaf3d55c982ff79381268b3cdaa,0.0,69625342.0,0,0.0
03b3007e8230bbb7542bd697846b26736dc8f9c117f3a8e895247354c773fd66b8,0.0,142667903.0,0,0.0
03d55dcaf5634cd889a09f7c97d6e099dedeed397c087e86c5a5631999b252c686,0.0,46012500.0,0,0.0
0203a983d267ad02c84dc8e6c863512b5954f08b220eca62409cfe7df03c015419,0.0,49975000.0,0,0.0
02a25905608fbf583c435646491c3b6ff6ca7dd0cd52a37be5269677bfedaaefeb,0.0,527500000.0,0,0.0
02d7ea78d0196019cd6a66e6c438c9e634ea55cb26ccbca820709a8114ef0ad077,0.0,175000000.0,0,0.0
03295d2e292565743a40bd44da227a820f8730877bc3dfadebade8785bcf355258,0.0,61971730.0,0,0.0
02d1c3900bd7833f2e459b5f6ddfcb2143e9bc6613d10aa0473b54b8ecc68655cd,0.0,124197381.0,0,0.0
02a619f265cde5eb77f3cb4e3158a8340a7ce4184a39c42e3a32893f53e2e3f82b,0.0,119331009.0,0,0.0
0236333aacf54604abf218af6ab116d4fe6f16e527502e0019123d0cc3c7a8a194,0.0,102070832.0,0,0.0
02bfe975eb18b29455ee6d5c3a2dc6c8097cb4d9a38fb440ded1e464b33ccc9f60,0.0,48758212.0,0,0.0
02e0af3c70bf42343316513e54683b10c01d906c04a05dfcd9479b90d7beed9129,0.0,100566479.0,0,0.0
02c717cf27420cb5efc492921851c6c5b328502c37a9fd282d5d2f04364e466768,0.0,43541164.0,0,0.0
03e81689bfd18d0accb28d720ed222209b1a5f2c6825308772beac75b1fe35d491,0.0,414871656.0,1,0.0
02e5efb6890a67dce9ddf73585bc0a0afb9ba00361f32dd090def4d0337d1049de,0.0,59733673.0,0,0.0
02e1823c86f1a8e193964c3ab084d015622a07573372b0a842b555c6ce84176449,0.0,36878000.0,0,0.0
03cb68051b6faeda941420819446a9429053223a465d370642b2a88336c43b02dd,0.0,100178197.0,0,0.0
02cc5c798fdb2361d529827ee0baf511936c231989d501de1f4e1c82a9baaaf36a,0.0,200045085.0,0,0.0
0364913d18a19c671bb36dd04d6ad5be0fe8f2894314c36a9db3f03c2d414907e1,0.0,30221238.0,0,0.0
033d631908f96640e8a8d376e62a4cfdc736172249b57a3f92f67f62250c9691dd,0.0,30207347.0,0,0.0
027da91e761959e83581624fc7847cb2bd86475c529b78197f3dc453c3b89b628b,0.0,101637797.0,0,0.0
02fe3bf758f87d9b0cee6bdafa52d04650daea8c48f7178358b130b62e132c6f5f,0.0,364381125.0,0,0.0
02ac86bd399823e7c724a5f05a7c38cf0a201becc2e89012684b71852d1e0c84e9,0.0,48500000.0,0,0.0
02b45e6448588de24daf7c773a674ecbcd3cce3bf2cf27428d1ddbf1e6ca034684,0.0,165600000.0,0,0.0
0277b084555196b33b3b137e2bcf70f939acc3033347df60739c4454de3968a7f9,0.0,50250000.0,0,0.0
037b3340c93ec145c4cc960762e0f22902e9412484ead2fce9ce275f6e8409b212,0.0,340574999.0,0,0.0
0386931c9e7ead215594b67feeca6d3996bd894187eddd396959633b71f560ba13,0.0,73118492.0,0,0.0
03055d3f08f9bf7725dc0644192f045e3466995db33c7464b0e32fb3542d866b87,0.0,37774702.0,0,0.0
03bb88ccc444534da7b5b64b4f7b15e1eccb18e102db0e400d4b9cfe93763aa26d,0.0,779725318.0,0,0.0
033434a6b19a755eb3e0b3102c4a03866f7cbee577f6c8cc6e85a49798b4b39684,0.0,50724790.0,0,0.0
021ecaf18c177e308009b9bdbf0d6784536e027759f797d64300787a24e6528a7c,0.0,119720124.0,0,0.0
038657a23145a49ca945e81f67bb5170dbefa7f6500cbf11ce8f0da83985745255,0.0,87344495.0,0,0.0
030b5d1a2f2502eb14f7dfccd6de8d227cc533fe14214c80ecb5dd9bd6ef9dc8e9,0.0,58587050.0,0,0.0
02908ac814dad393e8a287a28c041ed8eab44cddbb47c1cd8c01c362fa2024ddcf,0.0,59885922.0,0,0.0
02a4bb57102fcba2bcf37c078644955719bcf42f647e83dd4c4115036bfe4f2429,0.0,50750000.0,0,0.0
0200232177944d5e2ddf5b203843050dee40c4b7f343356499ed9aeb4eb154fd4e,0.0,36500000.0,0,0.0
0303e0423fd2c40d73978b03069f63d6ca5ae1abf61f5666bbbea886181f21e8e3,0.0,28500000.0,0,0.0
039311d5a11e1df479bfc695b09127f7920e66dacfb19f0ef20a28a2a7959f0080,0.0,834326315.0,2,0.0
0371ccb71e3838984f6903b40b76581c4fceda54e22cb9c6a7d20681c036de0571,0.0,139923374.0,0,0.0
03dd68418e6e3325b5a7d2a57542ec33a707ccd875a878d238a766b82d158837e2,0.0,83350153.0,0,0.0
031522d59beee70e8e4757c40c0ba4d3532dde9a228430c416d9c5987c738d17ef,0.0,52082917.0,0,0.0
021f98b9898720f8633c93faf0aa54ab399d277464e502d1111b233c2cf4064828,0.0,649450050.0,0,0.0
021e7ea08e31a576b4fd242761d701452a8ac98113eac3074c153db85d2dcc7d27,0.0,188713578.0,0,0.0
03f5dcf253ca5ab4a8a0ad27bc5d8787ca920610902425b060311530cb511e9545,0.0,465000000.0,13,0.0
0289b70b52a04e951446674bedb571336295a2890ca0079639ebc067076277d571,10.0,338891692.0,2,2.9507952647006762e-08
0234b21ceafe19e5ad4bf22c9291827c1cecd3516830090ca2b44c34ef5638c360,0.0,157163764.0,0,0.0
03bcfc26ecc326d3ab012ac7821f6fcec6cb75337ef505675c522e28d69061317a,0.0,47050000.0,0,0.0
036d306e01a65128e5130c99a004119f36bc296ee6f002a7c3c478530b8249a548,0.0,164250000.0,0,0.0
02d1ef05a2105ad3eb66c78d9b3d751776d975ceef85d09593737e39d54d2a8b09,0.0,44000000.0,0,0.0
02e8b87796f8c4123d1b4bfb0365584bb6a7177c73c71bc1e6659509d74a7504a3,0.0,99785579.0,0,0.0
02abee897f5ab347fb917b30bf184c4b3ee33bd81d568958193f0cf3b7f7b41b44,0.0,84207419.0,0,0.0
02439112f98b6f4828e1a7426bfbece166bd36837d7dea4225a75ebd1d96864a07,0.0,141744921.0,0,0.0
021a7a31f03a9b49807eb18ef03046e264871a1d03cd4cb80d37265499d1b726b9,0.0,77500000.0,0,0.0
02ad4afb6e50ae4635ec5ddf5a57c44d4cc4b376ac6580f78cda0454a86e5fa6c2,0.0,219203765.0,0,0.0
0208d2deb5aed0532b3d1d1b3b8a2349462fda11f01336847d49fa2652b2bf77b7,0.0,200984904.0,0,0.0
032fe854a231aeb2357523ee6ca263ae04ce53eee8a13767ecbb911b69fefd8ace,0.0,554548782.0,0,0.0
03b9aacb265dc5ebde04b91b28f7c8bb6ba0af146e5f37426915742daf8f195a09,0.0,554412790.0,0,0.0
03cdcd1b748c3f0175d998a4af85933a3397e7ff01a73e14fd2f02d54ed197ac0a,0.0,22569008.0,0,0.0
029deb431c53ef237d6f2b896ef480bbfead34c35628d46f886bd55cecb9eb3341,0.0,29250000.0,0,0.0
020c92d71dfe47d49d322eed910064787973dff96c05a39d75a75d7e8f33aead4c,1280.0,820495048.0,8,1.5600337907219154e-06
02c29b89b2121b2c1fa2e5422bc70e0bb7ae7326c7a9d2b796ed6b89cdc5a2871b,450.0,222501497.0,3,2.022458302831104e-06
03db1b66589a81c924eea34be3e23de387ad5625f10abfdadeeb18068f4be0cee1,0.0,88250000.0,0,0.0
02fc6bf390208dda96f489491b5c79830c39dfc07c998cc5f469ce3801cd01c5b2,0.0,36557327.0,0,0.0
02bc320249b608a53a76cf3cbd448fdd3ab8f3766f96e8649c2edc26cf03bf8277,0.0,103875000.0,0,0.0
029c20772e97f6ce82d2dd15f589182d4fd1d15c582819fe017da7d8215f534dc1,0.0,33718444.0,0,0.0
038ec8cd65fb69e147c2bd6de83f2ba57e312764cbeac2f594ae68d6b9c174f019,0.0,91995750.0,0,0.0
0391e2edea5191627a25ecbd327c0dc2a95c880a5b0e73af38dc4a5a8964263b3f,0.0,268570953.0,0,0.0
0285d50bc04a6a7eaeb37c4964d5f1322b1136c8cea2f242d3c52302226043cbe4,0.0,282729806.0,0,0.0
02258c4989dd2c13a4dced3bab2d7181720718f3a3fa75ad340e59ef56de988065,0.0,74500000.0,0,0.0
02e9046555a9665145b0dbd7f135744598418df7d61d3660659641886ef1274844,600.0,1112128703.0,5,5.395059028523248e-07
03eefcc2c803a4aad64d92a5633d8c6f75d6b72827d099d9cb31a82a0615dcc767,0.0,130598850.0,0,0.0
0290681a8483f53775eca26674e215890e06a42e389c1cd0f6e0e4f46e8583c48c,0.0,52548978.0,0,0.0
0246fa5a916ad904798c374fad52756c0f4a29398c1b202406ab8a00c479cc4361,0.0,47945275.0,0,0.0
03fb822818be083e0a954db85257a2911a3d55458b8c1ea4124b157e865a836d12,3150.0,1733940991.0,48,1.8166708188744816e-06
029efe15ef5f0fcc2fdd6b910405e78056b28c9b64e1feff5f13b8dce307e67cad,0.0,796595210.0,17,0.0
034cfb8dcb453372e8f13915cc770bcd7bb0f0809dd1b47c0c3b43b969ff9ff3b7,0.0,132033991.0,0,0.0
0298efb4ee7ec9a4a8d145314799df8441b901588772ca0d20b82179a2993afad8,0.0,54143883.0,0,0.0
023c51202ba27f056e64fef0baf37baa0334deea8b8f0c2503eb51e55c80db907e,0.0,171380273.0,0,0.0
03e121fa397cb7ec60935c140bfbfa7690c3158ba6df26b8bc636508d8a3735afd,0.0,116265694.0,0,0.0
037f990e61acee8a7697966afd29dd88f3b1f8a7b14d625c4f8742bd952003a590,0.0,1989898847.0,0,0.0
035b017b7e0e490ded4d70efee7b131a490249672265de1bdb4b31df465e6a1b43,0.0,43334854.0,0,0.0
03a5886df676f3b3216a4520156157b8d653e262b520281d8d325c24fd8b456b9c,0.0,71031449.0,0,0.0
039ffeb9af0c7ffcb0b0a1b9f099a38c4d922248595936a0cbd1c77d901df6d8d6,0.0,600000000.0,0,0.0
03a9364a1f954fc146fdea379957aa778273d641805299d18cae5621563d541851,0.0,47776011.0,0,0.0
02f273ac65a8a826f88e6c48e5ba44f2eb2ee63486350b2db6f60a408b1e0ceb05,0.0,182800000.0,0,0.0
036eb65676a65660e4c1ffd728d88b3d82d027d416fad59867471fe2123de0ab27,850.0,241800335.0,2,3.515297032156717e-06
036b591f7a25eb860e1270c08554fa94631838ddcf6517a734efe1c8795ee3ef0d,0.0,107025000.0,0,0.0
030112133f62b20f81b76754695a0cbb683552c307a062897123fbf3d6360f394c,0.0,100000000.0,0,0.0
0260a8cffa8a7016db8337d584e192cb829035616c0d391225b9417b49d4e4ed6a,0.0,56710029.0,0,0.0
030e7d77f4012c809e4bcd0701e7d50b3a0869679f328e325e222ae56acabc74b2,0.0,165861109.0,0,0.0
03b4b86f2301fe2b9ca478ee5980d812de2071a21a9f8f5bb49b88e29a034e1a9b,0.0,213789242.0,0,0.0
02f63f49339c8b438c3291ab21e35d1b5642ac2360240068b5ecd3fd5183f2c042,0.0,214686988.0,0,0.0
02f7467f4de732f3b3cffc8d5e007aecdf6e58878edb6e46a8e80164421c1b90aa,0.0,28934230.0,0,0.0
025653d3328b73eae126519243e9dbe3db0a1c403ba188cedea0845082317f90e2,10.0,102250000.0,2,9.779951100244499e-08
0301b15b4b675943ddc237ad7f672c0b8f6821619bce8157928b8bc5c6f0d424fa,0.0,37500000.0,0,0.0
02fc41b20b2f456a97b762a21dc6c67ce4c76682f0bc56c122062b778fb7b47d4e,0.0,45500000.0,0,0.0
0299797daa21faa6e4151517b286c41d4c7a8cb21fbfba59ca3bcd21a9f8392bd4,0.0,1345565416.0,9,0.0
024bfaf0cabe7f874fd33ebf7c6f4e5385971fc504ef3f492432e9e3ec77e1b5cf,0.0,4495993765.0,177,0.0
028ed235ce7921fc8fbb2c1a775240115ce4d9edda194862868aa3d71eab3e6f91,810.0,71242830.0,3,1.1369565189928586e-05
021d2436cab847373a4212bf6d754ead5304f5d0791479643893a837b295f3441c,0.0,45231898.0,0,0.0
0208dfa005c47a8ae85363d12c54007a38550ca0d6f1c559ee11caaac8221eccd6,0.0,300630822.0,0,0.0
02415d7ec37a7bb22b27ed675f0810090392be6b3143d1186f80ba2dd8d76b07fa,0.0,55352500.0,0,0.0
033fc997c1622281b143fce0cce0711f18fdc8129684840b835d6a4c5ef9d49ddf,0.0,142988033.0,0,0.0
0318ac9faa9629e7da08819bc8fe0dd2ae3044d69b1b2283a63479acffeb968483,500.0,172304804.0,1,2.9018343562841114e-06
028cc8ed61927c980836ee0aed5d0aceae9c1c388a589e7f1a62041f2d98e7e230,0.0,36890861.0,0,0.0
0311cad0edf4ac67298805cf4407d94358ca60cd44f2e360856f3b1c088bcd4782,1940.0,790960341.0,28,2.4527146298476676e-06
0231eccc6510eb2e1c97c8a190d6ea096784aa7c358355442055aac8b20654f932,0.0,279974106.0,0,0.0
0340cebc736a14b2b1598e896635f0858fd5dbb62c27d91fdf5cf16de9bafeb32a,0.0,85971606.0,0,0.0
020d45b0ab490bf3eb7d29977ad1fa40c61d9ff6281d67eea4fc7290b8b058ff02,0.0,141273487.0,0,0.0
03a01da97af71f7859cd1b2b6a70f221ecd49f6eabf0bf1e267bae9570b47232a6,0.0,71444089.0,0,0.0
0334024afcf34dfa3c88e3210290b9039e3f815188a53361dc300eb3d870253889,0.0,119295573.0,0,0.0
02d0e03736cbfc73f3c005bc3770327df0e84bd69bc8e557c279887344deb8bce2,0.0,344138092.0,0,0.0
03c8dfbf829eaeb0b6dab099d87fdf7f8faceb0c1b935cd243e8c1fb5af71361cf,0.0,53165617.0,0,0.0
02e01367e1d7818a7e9a0e8a52badd5c32615e07568dbe0497b6a47f9bef89d6af,0.0,87260219.0,0,0.0
02bb10aaa77a95a358cebb2d112c4de00e47c08f56e89b1acb4487ddd44cc98d6d,0.0,232857348.0,0,0.0
03cc7b9b1f83581f4b8b6fd2308692d961d349f89bac1d06845234ee2128002acb,0.0,41000000.0,0,0.0
03f94d70ee98159cf40e756ec47c3d0cea5ffa04cb7d31a6ffbf2c03d6699dd0e9,0.0,62466040.0,0,0.0
023e09c43b215bd3dbf483bcb409da3322ea5ea3b046f74698b89ee9ea785dd30a,0.0,239166352.0,0,0.0
0380ef0209ff1b46c38a37cd40f613d1dae3eba481a909459d6c1434a0e56e5d8c,0.0,359108606.0,0,0.0
03501a74753e0f6ae270a1e4e2ffbbc37f7a796360e650c1121c18e116b22ac106,0.0,713928476.0,0,0.0
0378d8b9a46189371ece70870b39e8a80f80f952c967289d7234b99b176577a212,0.0,168671363.0,0,0.0
02d8853c04b69ce55c93d574bbb614e31f2654fb2f4049483774792cfd8d9af732,0.0,50201544.0,0,0.0
02418a22158cbfbba214df5204bf42287e928f8415b4bee903379999679ead65c5,0.0,63420012.0,0,0.0
037c862ec724bc85462aaeb804dd0941cd77dc4521cabd05edf3d0f23ed6b01f09,0.0,63512500.0,0,0.0
02fe6a27ddcb2dd9fa8479fe1d52549b5932079a493b51f1409fa2c5878f1bc07c,1270.0,968348200.0,4,1.31151170622303e-06
022fb3125f484130fb4bed135f1e19a4006d2b9977af602d7c50703457b5713bd5,0.0,43925000.0,0,0.0
03641a88d80a2a85bbecd770577aca9b5495616e9fef63d66ef2631b7cca1d395d,0.0,456676927.0,0,0.0
03f2005837649dd49811bbb7e78993581da41c09d3bdcbc6933492276acccd8b6d,0.0,57400000.0,0,0.0
021c3ec6432d2b9b5abcb01dd64b3a8f2afe3ba7d8c021f63ffd0a994cd3bc9b88,0.0,90807937.0,0,0.0
02603672d5481411bc6c79693adb828d874677e9fb1383bae70baaa618e0984e76,0.0,187888607.0,0,0.0
03e1faa261c429119b8f3aa216d17c12d57aa0237b06dbf549a644f893f4d40182,0.0,44000000.0,0,0.0
03dc686001f9b1ff700dfb8917df70268e1919433a535e1fb0767c19223509ab57,10.0,2703461325.0,42,3.6989617375051593e-09
03bec3989098df0675033530169ef105b1bd3be8fd989cb7955cb4b59616ab3530,0.0,62713607.0,0,0.0
033533e2db6311c1d417d41279c067d8713ad8a7d577a0d91e65df2f6a82c5b862,0.0,271559476.0,0,0.0
029a0f8111f0bcb94003413838451dfc1d0faed030ef46ff84d96c0dc5be3d1415,0.0,190668565.0,0,0.0
03f2de64dca2325e46f6ffc0ee4ca139ace8bc54074533097e2744afa5117b869f,0.0,67350000.0,0,0.0
0336f76c8d1209135699fb1aa3db07634c361c4482210111285234eb28b398fe2d,0.0,82693909.0,0,0.0
03ce16b71fb6f70b30321e867bcea9cc52f39531380cd6673bdd8daf257da27e57,0.0,50000000.0,0,0.0
026fbb6e7bc01ec90bf314d4c38fea60d624d5f4ab5351dc15c040377a892d4bb0,0.0,49891741.0,0,0.0
039e8327879cc56a485195fcc5ebfae14bf0dbb5f29261f8c2c2689a1e7e7c8719,0.0,63762781.0,0,0.0
035b710d2c8d25993ddcbe031c0fee5434d5e6fb7a6ed5d438404daa99199537b8,0.0,358499450.0,12,0.0
035b245c71f8b1706b2401ab4f70d3249ba7faf4ce8d4ab290edab6f864c7d80ec,0.0,83714674.0,0,0.0
03d6b14390cd178d670aa2d57c93d9519feaae7d1e34264d8bbb7932d47b75a50d,0.0,135650366.0,0,0.0
03da6c91e7d2586dad2da08601eb22bd80bebfe1d8e3451a64be276587e57a5f73,0.0,140088271.0,0,0.0
035715b716b8d61b31992256194f119e1cd7f86b5a15f66ca4cc3798d341d6a99a,0.0,472688534.0,0,0.0
02f1da3df3636e5c71afbb66f6801b8b8efde3f3446c47e752b6004a093675070a,0.0,47765051.0,0,0.0
0266c9efc6f9492899fde60d2e50ea8d2509a0728daabf23c3707d242204657ad7,0.0,140371702.0,0,0.0
03ecef675be448b615e6176424070673ef8284e0fd19d8be062a6cb5b130a0a0d1,0.0,274187444.0,0,0.0
03d06758583bb5154774a6eb221b1276c9e82d65bbaceca806d90e20c108f4b1c7,0.0,35000000.0,0,0.0
02373ab35d61b4b2fb23d324442f975678d25926047f11bc76c16ca73dee5b1542,0.0,35755000.0,0,0.0
038c57f828252e14df0a42342d5371d7a03aaba5b9ce2ce5dec3b69c18c39c0394,0.0,45250000.0,0,0.0
03c25e4b46df0f2a9e97d39ffe977c31ffa503c6ec7eb2b5b87ed630e15dfdbc0a,0.0,53484281.0,0,0.0
0383a52db8e4063714c767e90628a5caee4d278c308cfe0fae82e21aebc313ccbe,0.0,68871600.0,0,0.0
0216fcf031519e0924e5e4b64a731b207cccb85b13caebffd0f664a32a39bcd368,0.0,42895938.0,0,0.0
03846aa88ae8710d0bcd881382f6164955b92600d2d25a3f9f70e897bfcc22c424,0.0,32032559.0,0,0.0
0225ebcc280a5c1fb2e5d56fd2ada9a1b1277f66cf5ee090684e9e5f6e6313b475,0.0,42129643.0,0,0.0
03d6af71d489c5ea37237317d066b2ac7d1fb14b7f23564d6438db904662447e25,0.0,34562500.0,0,0.0
03a718f9f5acf1a4b488b88f1fbc50b07fad37d8d5d510e4970652bf3b433d03a4,0.0,73678310.0,0,0.0
039efdf7a40f848d9fe30f1ab97b297c06f96fde1992ece0eca7639711ecac5a93,0.0,167950508.0,0,0.0
025a4172f1a318e0db638c6fc14d75aadb43c28347036725f08023c63d5a7ac01a,0.0,148098536.0,0,0.0
030c3f19d742ca294a55c00376b3b355c3c90d61c6b6b39554dbc7ac19b141c14f,0.0,2222389529.0,0,0.0
0293a4a5933422fa7cae2c8ff4c44490f26cf3dd7ac02b826ee20d4cba7dac944d,0.0,305707227.0,0,0.0
0215bea618806194ad88b80de8bc11c6391edb2fa1beeea6174305856596faeee8,0.0,101600983.0,0,0.0
02bc231171f4b2844a47e7f33529f5c66b6c38a4382dbd5ed8a3495b4cba82fbc7,0.0,49560838.0,0,0.0
02d22dd92ceefe7a23fdd59f62278813aef9276f1a3c2e82a7e0329b0f732e9e06,0.0,122809000.0,0,0.0
02f3069a342ae2883a6f29e275f06f28a56a6ea2e2d96f5888a3266444dcf542b6,0.0,385187090.0,0,0.0
03e472ddc37b014ce7d5f942b00b28fb1db53d461c4a89173962abd4b331a85179,0.0,197321139.0,0,0.0
02b39b76e521ef420d232dc8bb2cd7599b06bf8732d91bb516ef7f1d86914145e8,0.0,16125000.0,0,0.0
025e5019685002fe76b46cbde6d84500e674ac33863fea3ab490ea72e1ad8974be,0.0,26785436.0,0,0.0
02b37a7de2b3a6b4b04485a2a6eba03feff0d5d34813a0401d09fbcbfedfbb1a1f,0.0,151488899.0,0,0.0
030988d26c5b3e8e8e0bf7ed14cedf3b338184ab095123e40c6738ef743f3f766f,0.0,71433369.0,0,0.0
0333175e2ddb8ae3fab14125c312cf62b9da6dc54fc922edd1aa11e4e059496594,0.0,155686362.0,0,0.0
022c024b5e34bb6f76ec0e7322e5f6e9519561f7f72db42b76d41e4f4ae02a7d65,0.0,30000000.0,0,0.0
02dd4a9cf224e290851f6af83072e2496479bdf4b65e1733e92e24d42a0ba89a75,0.0,165478504.0,0,0.0
034ea80f8b148c750463546bd999bf7321a0e6dfc60aaf84bd0400a2e8d376c0d5,9032.0,6020256142.0,157,1.5002683917364791e-06
02de223c6d19fce250030f9569dc1dfbf3221987cbce358a060ad83e8ba5149242,700.0,167686639.0,5,4.174453040352249e-06
02e6a845f63db255bf905da1a561168ab7472da45a28b7881d1ee2ef74a10bfd78,0.0,40624759.0,0,0.0
025d28dc4c4f5ce4194c31c3109129cd741fafc1ff2f6ea53f97de2f58877b2295,0.0,42017741.0,0,0.0
03019e830b31e86befd057246e078933520a77bb93d2bb7923d4aca7682a845c45,0.0,93847213.0,0,0.0
038306422b8217fe516bbd80cd8bf3a90c85cbf3689c6b1f28d239c97c88f7134b,0.0,62715981.0,0,0.0
03423790614f023e3c0cdaa654a3578e919947e4c3a14bf5044e7c787ebd11af1a,0.0,1446681151.0,14,0.0
03a7510e93c0c817fb4521d2c884e1a75cd3adc831e72a3609515325c51d705029,0.0,59761019.0,0,0.0
02baf137993ae5da2ba45094e52b4ccf72588b059d32a7401c9759a42d9b68f114,0.0,94430314.0,0,0.0
023f946e3c51796867ee7728f41fc74c0caa53fb7e1a10ebf7355c6808e3c0fa34,0.0,47500000.0,0,0.0
023d70f2f76d283c6c4e58109ee3a2816eb9d8feb40b23d62469060a2b2867b77f,0.0,10000000.0,0,0.0
036b53093df5a932deac828cca6d663472dbc88322b05eec1d42b26ab9b16caa1c,0.0,1406709947.0,0,0.0
025ea01268089a458b77330c341e8f608e9a3002fa41a75075d1e0c4111e0e98c7,0.0,78726119.0,0,0.0
039d38adaa66554f2079cea57149b85b55df35feb6a54a8bace32898558fea8a4e,15096.0,3667368662.0,152,4.116302829442675e-06
039edc94987c8f3adc28dab455efc00dea876089a120f573bd0b03c40d9d3fb1e1,2001.0,1163412187.0,31,1.7199407246711264e-06
03e4cbe965044b04d1b66e4578363a0d3fe0f0019782a34fa68a67d28136c32af8,0.0,50411119.0,0,0.0
02015cb10a74914fe6c126e591b1a4bda66662ca807e97a94cf973ffe408259f74,0.0,66494449.0,0,0.0
020d0fdcc9cfca39aebc7b6fd5657cef4bd5287e571afd6317f0b0a8b4430e3c00,0.0,175100000.0,0,0.0
03b5f4b432ce0356d16f41ad4b5ec3127329188659914c9810696812687773afe5,0.0,210506859.0,0,0.0
0283ca0b7eca022bcf8f32aa418e5ff2bd375806faba40409cdc8e48c2b32ef725,0.0,515788764.0,0,0.0
0340cfadaa3324e0dd176a9969be050114278f93260e1b6333bd2a2a2ea03c64a3,0.0,235634721.0,0,0.0
03f1c844d7f5475487f6605fce6037699d590f2f93134009c6d9a7e7f858269349,0.0,62625000.0,0,0.0
035b2dea6407851d2e7389b77a65afb9e7eeaa5f829cc9efd08ca870caca6774d8,0.0,54154320.0,0,0.0
032b9dd79393e4a31411b8e00e38917077f58c776ef420d8671531b948fc838997,0.0,93608468.0,0,0.0
032cc4541b25e86e39a7d450a979c1a9adbe2878df3a93fcb59c96c700bfe26aa3,0.0,110358545.0,0,0.0
0294ac3e099def03c12a37e30fe5364b1223fd60069869142ef96580c8439c2e0a,0.0,2819701584.0,0,0.0
02bd87b47c03654eeda9d8ba96ae2f1a73543ce703721326801d2945e5ef173475,0.0,73988306.0,0,0.0
029c4eb72f36e3c1eba98e48354867f67928cf1d41d261cf1ab75882ef8392faf5,0.0,67723166.0,0,0.0
03bf5a1d8569013e82ae22fb07a39cb8ebc6fe82a05a579da10e38667929e39b68,0.0,38000000.0,0,0.0
0228b05a27e1dc731ea596b70e79ae27949377c35fb23739bdd2eb1f0840a46802,0.0,42121581.0,0,0.0
03949914687fadf3bca1abe088db2b9a5bc105194a36f230f7e54e90e88d2dc0ec,0.0,49838608.0,0,0.0
0347814c910ae1624c1983d68331e0f8d543fa0d6f509c2fcb46d308cbc72b98a3,0.0,190524235.0,0,0.0
02e1f391c9f3420fcaf65d45b615ab53034bd4a090036ddfb5703f6825b3b2bb4c,0.0,52666110.0,0,0.0
029b81d1aaf177fa00c1c5796360163bfa98ee4d5d0daa54c6f510d9e237f376e9,0.0,330574138.0,0,0.0
02b20c736785ce8e801d50ae0bb6f6daa534a992445b44f4b6255ebedebd84c037,0.0,91473863.0,0,0.0
026db2cbf3d8ab4a4c01eed2df432d20cf0a13136402097574209d2595cb9e9d93,100.0,189440560.0,5,5.278700611949205e-07
0325bb9bda523a85dc834b190289b7e25e8d92615ab2f2abffbe97983f0bb12ffb,0.0,314120566.0,0,0.0
03b006c37dfb8681e5db9f513386d06c9d18bd514fae5d79a7ed2d5991c7d57330,1050.0,1458812521.0,7,7.197634959153192e-07
0344c8facc0373c4c45e13b08bc7d190c8aaee895e8b726b1472e1bc57a2eefac1,0.0,54177597.0,0,0.0
03a2ea4a43bd4d8a56b41c03ea8f6e14faf2357c94d28871e881f50076e9fac133,0.0,71888607.0,0,0.0
0339c7351f76d1c5a2a407f9c57cde096857b8374b3eb6ff023cafc9a634d7bd64,0.0,87857732.0,0,0.0
02058a29920854e5088ade34a0f89ca9c89464d6d6595c2942eb13047580a1192b,0.0,39961085.0,0,0.0
0316f6a31a4990880405cd3cccfc6b5ec2cc8adc4965771ac56774342e229ec49f,0.0,62587220.0,0,0.0
03eced7eb38bb00b9b6dc82098e0c2dd52829da892014a7eb08e0a58635c5821be,0.0,539216939.0,0,0.0
0336350b10294b9d8759944709db961cb9ef8e4c7d3a80d057684ae5b0d841c101,0.0,41866613.0,0,0.0
0248ddcde4798c31e6fb0b77723c669f0a1dd563ae4e97ed7941406a449a3e1e6f,0.0,105517891.0,0,0.0
03ef684e8c2ec25ea1a95fa46729e3355dd90210e0c57bad502d60676098ec83b3,0.0,49263877.0,0,0.0
03355e6b094ea452ea33a453503d19581778f784af4558c1ba620a5aec9de0e40c,6.0,505649412.0,6,1.186592895711703e-08
030bec0fb4a5dd5c2dffa5f008210a9b7e0689ee4bf7ae15a7e52491c65fbf4ca5,0.0,97788956.0,0,0.0
03797da684da0b6de8a813f9d7ebb0412c5d7504619b3fa5255861b991a7f86960,0.0,179722764.0,0,0.0
026756a68c3437bdcdff8f43585db665fdd9585d082f4624d51bd0346bc396a73e,0.0,60607586.0,0,0.0
028c589131fae8c7e2103326542d568373019b50a9eb376a139a330c8545efb79a,0.0,33482421.0,0,0.0
02513203015d22a8b9bc721f218d5dfdd7710945a9605da400ff820e17f65c0230,0.0,95095850.0,0,0.0
030f2c70ce2e9a0aa20457f0e26be4f768f5e0e5b12ae81e5814145f52ecc6d1ec,0.0,220456500.0,0,0.0
025f1458d1ca75cb46b289b033a9c520f88d66aa54c2034c95070be76d2def3021,0.0,92769976.0,0,0.0
038cc790ec91920fd4a0d82ce190d4a4af192a457b9127779e6b1ef52a5721db52,0.0,49822473.0,0,0.0
0380030304baea090616a296674b6ae337a138593b5390266a45a17eef7a62a2b0,0.0,288050050.0,0,0.0
03dc8b9ff0110e5f3f9ac8fbe861b82e98c92ab1d29c906ea40d2a76ecb28b2cb8,0.0,50339999.0,0,0.0
02a30a322b271579e0875fc77eb265a82bef0d82589b87560d2bbc41b05804b759,0.0,48888607.0,0,0.0
03ded19c55ab1726e2b839e006321c002c61602cced485c75db895ec73fb48543a,0.0,56350000.0,0,0.0
036da0201ba1f16a2089d1e17a8fe236114adef33bfff59073771723c60b08b4ac,0.0,87809623.0,0,0.0
03ca940b9d4e7736955b6f18dd5be3b7b5ca562d0efcf7c0fa9b66d3c052f07fd0,0.0,46542500.0,0,0.0
03a0ec9f2148b8bf5386df07418259b260695307ffc319c1300bb12ad35308636e,0.0,50000000.0,0,0.0
0323f3d268a7664152c0732d5d1faf2c80dc8d8529895378344d1c395e9ec407e1,0.0,50000000.0,0,0.0
021f1beed0a32fb740e9c8ea12702dd4371b444a6464368d93a2957b95f8cd2db1,0.0,154733259.0,0,0.0
0201af659a3986832bb5bf2493c537cee9f7d62a7bff5d0a68176c1d60df931cf7,0.0,56250000.0,0,0.0
038fb77fd39a5d0782027a420571482d9dbef1a24f129bbafc487ac084a2251e5f,0.0,129511285.0,0,0.0
0337694505123a12a8fadd95523dcc235898ad3b80a06e4a63ca26fed68dd0d17c,0.0,177559351.0,0,0.0
02b400a39310c6c2791bfbbd7ea4e5799536aa2c867e89b3522d95bef3f9ede994,0.0,68000000.0,0,0.0
0229ba89bd21cad840ba50ea2bdc86d9e709318965d42bb7ef7609c191be7b8fd8,0.0,281847728.0,0,0.0
031e47777e35627e1018bc886ee24f81633a54527cfce24df0183a8fee7b3a24ef,0.0,58651751.0,0,0.0
02c1c410e5748cad48c58dc810cb88f593c34d8d4a0f67625e4d85d4c247c6f2a6,0.0,62001190.0,0,0.0
03d37fca0656558de4fd86bbe490a38d84a46228e7ec1361801f54f9437a18d618,160.0,873636299.0,2,1.8314257338338914e-07
039174f846626c6053ba80f5443d0db33da384f1dde135bf7080ba1eec465019c3,0.0,240593257.0,0,0.0
03f94b8e82c3c9be8f8d1e3bcb595e2855b72f23b92967c26f7d65be9a75184c12,0.0,469007204.0,0,0.0
02bde1072ae1abdf5f9948e3ab2cb10f479c6ec0540640d837c763f2a658933e9c,0.0,59200000.0,0,0.0
022812f0e94549f4543c8f796b4c21f942fbbe82538a6947082560084f1c2626d1,0.0,72400001.0,0,0.0
021fa607f2b6ceebe5742aaa7650cf817351e7d70cf47595a48ffd2e5741076b06,0.0,164773905.0,0,0.0
0204132f15b18904006ccbb99afb0070b0d7b8e3276835e334d0e457503f8c8ca0,0.0,56260695.0,0,0.0
037137bfc7eb504260f36872a0fcf76d1a87b3dcd6f95ddb1798901b265240397a,0.0,79263220.0,0,0.0
03f360457d29f50a1fe2d5b2e603207377f1676b335546622c182b086259615755,0.0,67136097.0,0,0.0
02465032f2fd0071c1e82239765facacedf52db28d4d343dea33efcb0179ef5b39,0.0,71399999.0,0,0.0
